fbmy5635_rel_202104072149.cy10a5_bee	80972	83058	27533	2707	2723	2688
fbmy5635_rel_202203072101.cy10a5_bee	79365	83402	26961	2709	2678	2644
fbmy5635_rel_202205192101.cy10a5_bee	76628	82716	26274	2643	2623	2624
fbmy5635_rel_202208092101.cy10a5_bee	78125	82041	26518	2680	2646	2649
fbmy5635_rel_202210112144.cy10a5_bee	77821	83058	26497	2650	2609	2590
fbmy5635_rel_202302162102.cy10a5_bee	77821	82041	26652	2642	2640	2606
fbmy5635_rel_202304122154.cy10a5_bee	77519	82041	26940	2663	2615	2606
fbmy5635_rel_202305292102.cy10a5_bee	76628	82716	26371	2626	2617	2620
fbmy5635_rel_20230529_832.cy10a5_bee	76628	81707	26371	2701	2582	2598
fbmy5635_rel_20230529_843.cy10a5_bee	77821	81707	26846	2654	2555	2584
fbmy5635_rel_20230529_850.cy10a5_bee	75758	82041	26738	2585	2561	2566
