ma100230_rel_withdbg.cz12a_c8r32	166424	168670	2640	3215	9741	1390	9592	1156	9357	971
ma100244_rel_withdbg.cz12a_c8r32	167785	158951	2637	3164	8178	1328	8010	1102	7949	980
ma100339_rel_withdbg.cz12a_c8r32	145217	157294	2581	3125	7912	1327	7709	1093	7551	895
ma100434_rel_withdbg.cz12a_c8r32	145270	158103	2451	3106	7580	1287	7384	1068	7217	848
ma100529_rel_withdbg.cz12a_c8r32	147929	137245	2457	2985	7691	1253	7475	1064	7150	907
ma100624_rel_withdbg.cz12a_c8r32	159141	137198	2494	3058	8914	1382	8643	1208	8329	1079
ma101115_rel_withdbg.cz12a_c8r32	156280	132604	2478	3067	8978	1382	8701	1206	8395	1078
ma110409_rel_withdbg.cz12b_c8r32	155069	133534	1757	2096	8812	1350	8326	1108	7863	876
ma110805_rel_withdbg.cz12b_c8r32	160449	133534	1760	2088	8674	1347	8293	1103	7856	880
ma120102_rel_withdbg.cz12b_c8r32	162305	134318	1777	2096	8658	1352	8155	1082	7603	884
ma120201_rel_withdbg.cz12b_c8r32	160064	134544	1768	2110	8578	1351	8108	1082	7657	885
