ma100230_rel_withdbg.cz12a_c8r32	100	100	500	500	1000	999
ma100244_rel_withdbg.cz12a_c8r32	100	100	500	500	999	999
ma100339_rel_withdbg.cz12a_c8r32	100	100	500	500	1000	1000
ma100434_rel_withdbg.cz12a_c8r32	100	100	500	499	999	999
ma100529_rel_withdbg.cz12a_c8r32	100	100	499	500	999	999
ma100624_rel_withdbg.cz12a_c8r32	100	100	500	500	999	999
ma101115_rel_withdbg.cz12a_c8r32	100	100	500	500	999	999
ma110409_rel_withdbg.cz12b_c8r32	100	100	500	500	1000	999
ma110805_rel_withdbg.cz12b_c8r32	100	100	499	499	999	999
ma120102_rel_withdbg.cz12b_c8r32	100	100	500	500	999	999
ma120201_rel_withdbg.cz12b_c8r32	100	100	500	500	999	999
