my8033_rel_lto.cy10a_gcp_c2s30	686695	865405	127024	44591	51950	54333
my8033_rel_lto.cy10a1_gcp_c2s30	677966	833854	132758	39366	41162	42746
my8033_rel_lto.cy10a2_gcp_c2s30	677966	894413	128000	44434	52252	53941
my8033_rel_lto.cy10a3_gcp_c2s30	686695	884530	127836	44334	51895	53815
my8033_rel_lto.cy10a4_gcp_c2s30	683761	714732	127409	43135	51203	53901
my8033_rel_lto.cy10a5_gcp_c2s30	686695	889444	128783	43985	51223	53561
my8033_rel_lto.cy10a6_gcp_c2s30	680851	865405	127045	43513	51832	53753
my8033_rel_lto.cy10a7_gcp_c2s30	683761	825258	128617	44195	51078	53777
my8033_rel_lto.cy10a8_gcp_c2s30	689655	870109	128246	44428	52122	54281
my8033_rel_lto.cy10a9_gcp_c2s30	689655	879670	127510	44108	51257	53956
my8033_rel_lto.cy10a10_gcp_c2s30	683761	870109	106340	57000	55687	54073
my8033_rel_lto.cy10a11_gcp_c2s30	680851	947337	111498	42885	49170	52953
my8033_rel_lto.cy10a12_gcp_c2s30	680851	947337	125352	43299	50031	53436
my8033_rel_lto.cy10a13_gcp_c2s30	689655	884530	106242	56989	55833	54267
my8033_rel_lto.cy10a14_gcp_c2s30	683761	870109	128246	44072	51545	53896
my8033_rel_lto.cy10a15_gcp_c2s30	683761	884530	127287	44167	52181	53945
my8033_rel_lto.cy10a16_gcp_c2s30	686695	874863	129765	44244	51106	54015
my8033_rel_lto.cy10a17_gcp_c2s30	666667	1074497	125925	43745	49436	53193
my8033_rel_lto.cy10a18_gcp_c2s30	653061	804523	125964	42981	47202	52766
my8033_rel_lto.cy10a19_gcp_c2s30	669456	838220	124243	42513	48772	52206
