my8033_rel_lto.cy10a_gcp_c2s30	794	3980	7960
my8033_rel_lto.cy10a1_gcp_c2s30	757	3869	7886
my8033_rel_lto.cy10a2_gcp_c2s30	794	3978	7960
my8033_rel_lto.cy10a3_gcp_c2s30	794	3978	7960
my8033_rel_lto.cy10a4_gcp_c2s30	793	3980	7960
my8033_rel_lto.cy10a5_gcp_c2s30	794	3980	7960
my8033_rel_lto.cy10a6_gcp_c2s30	794	3980	7960
my8033_rel_lto.cy10a7_gcp_c2s30	794	3978	7960
my8033_rel_lto.cy10a8_gcp_c2s30	794	3978	7960
my8033_rel_lto.cy10a9_gcp_c2s30	794	3980	7960
my8033_rel_lto.cy10a10_gcp_c2s30	796	3978	7960
my8033_rel_lto.cy10a11_gcp_c2s30	793	3978	7960
my8033_rel_lto.cy10a12_gcp_c2s30	794	3978	7960
my8033_rel_lto.cy10a13_gcp_c2s30	796	3980	7965
my8033_rel_lto.cy10a14_gcp_c2s30	794	3980	7960
my8033_rel_lto.cy10a15_gcp_c2s30	794	3980	7960
my8033_rel_lto.cy10a16_gcp_c2s30	793	3978	7960
my8033_rel_lto.cy10a17_gcp_c2s30	794	3980	7960
my8033_rel_lto.cy10a18_gcp_c2s30	794	3978	7960
my8033_rel_lto.cy10a19_gcp_c2s30	793	3978	7960
