pg9023_def.cx9a2_ser7	148883	291263	8673	1784	18699	5668	16393	6194	15437	5787
pg9124_def.cx9a2_ser7	136986	291263	9618	1530	19799	5719	17596	5950	12291	5898
pg9224_def.cx9a2_ser7	136674	289856	8656	1218	26240	6110	22111	6513	20783	6492
pg9325_def.cx9a2_ser7	136674	275230	8079	1184	26850	6221	23114	6560	18728	6501
pg9426_def.cx9a2_ser7	171920	245902	8518	1133	26293	6682	21648	7159	18532	7290
pg9525_def.cx9a2_ser7	177515	273973	10428	1250	25977	6642	21912	6508	19019	6532
pg9624_def.cx9a2_ser7	172414	352942	27933	4486	25603	5933	20950	6030	18762	6042
pg1023_def.cx9a2_ser7	170454	461539	21739	1852	25635	5974	21433	5866	18767	6029
pg1122_def.cx9a2_ser7	202703	468751	12330	1824	27273	5849	24200	5945	20454	5872
pg1217_def.cx9a2_ser7	196078	458016	21858	3986	26886	5854	24908	5807	21912	5796
pg1313_def.cx9a2_ser7	203390	458016	21075	4032	26794	5996	25175	5848	22183	5888
pg1410_def.cx9a2_ser7	198020	465117	34423	3458	27584	5715	25829	5778	22705	5863
pg1411_def.cx9a2_ser7	194805	461539	30257	5631	27627	5984	26645	5693	25457	5808
pg155_def.cx9a2_ser7	202703	483872	31201	3776	27132	5767	25592	5776	22925	5800
pg156_def.cx9a2_ser7	201342	483872	40650	6789	28062	5827	26762	5785	25499	5764
pg161_def.cx9a2_ser7	200669	491804	20020	3257	25762	5803	23387	5740	24720	5734
pg162_def.cx9a2_ser7	199336	480001	27082	4310	26974	5724	26579	5699	24944	5746
