my5651_rel_o2nofp.cz12a_c24r64	796	797	3982	3982	7947	7943
my5744_rel_o2nofp.cz12a_c24r64	796	797	3984	3982	7947	7956
my8043_rel_o2nofp.cz12a_c24r64	796	797	3984	3984	7960	7951
my8044_rel_o2nofp.cz12a_c24r64	796	796	3984	3984	7965	7956
my8406_rel_o2nofp.cz12a_c24r64	797	797	3982	3982	7960	7965
my8407_rel_o2nofp.cz12a_c24r64	796	797	3984	3984	7960	7951
my8407_rel_o2nofp.cz12a_nocb_c24r64	796	797	3984	3982	5152	4810
my9400_rel_o2nofp.cz12a_c24r64	797	797	3982	3982	7965	7960
my9500_rel_o2nofp.cz12a_c24r64	797	797	3982	3982	7965	7856
my9500_rel_o2nofp.cz13a_c24r64	796	796	3984	3984	7960	7947
