pg162_def.cx9a2_ser7	200669	491804	28756	3599	27238	5722	24002	5770	21156	5772
pg162_def.cx9a2a_ser7	200669	487806	29630	6264	27512	5678	24091	5736	21921	5824
pg162_def.cx9a2b_ser7	197368	483872	34527	5529	27440	5704	23815	5688	21768	5667
pg162_def.cx9a2c_ser7	200000	483872	27407	10214	27561	5918	23868	5914	21497	5808
pg162_def.cx9a2e_ser7	199336	487806	43011	10515	27083	5800	24421	5853	24230	5746
pg162_def.cx9a2f_ser7	198675	480001	38259	10887	26915	5870	24075	5817	23616	5766
pg162_def.cx9a2g_ser7	200669	487806	25873	10126	27320	5820	24049	5739	21676	5810
pg162_def.cx9a2acef_ser7	200669	487806	37313	4572	27106	5758	23876	5759	23832	5784
pg162_def.cx9a2bcef_ser7	198675	483872	40547	4466	27306	5808	23902	5727	24014	5802
pg162_def.cx9a2acefg_ser7	198020	483872	39584	4996	27205	5755	24201	5911	23954	5829
pg162_def.cx9a2bcefg_ser7	199336	483872	37843	4459	27216	5653	23968	5770	24042	5897
