pg162_def.cx9a2_ser7	100	100	499	499	999	999
pg162_def.cx9a2a_ser7	100	100	499	499	999	999
pg162_def.cx9a2b_ser7	100	100	499	499	999	999
pg162_def.cx9a2c_ser7	100	100	499	499	998	999
pg162_def.cx9a2e_ser7	100	100	499	499	999	999
pg162_def.cx9a2f_ser7	100	100	499	499	999	999
pg162_def.cx9a2g_ser7	100	100	499	499	999	999
pg162_def.cx9a2acef_ser7	100	100	499	499	999	999
pg162_def.cx9a2bcef_ser7	100	100	499	499	999	999
pg162_def.cx9a2acefg_ser7	100	100	499	499	999	999
pg162_def.cx9a2bcefg_ser7	100	100	499	499	999	999
