fbmy5635_rel_202104072149.cza1_gcp_c2s30	536265	763359	80828	37594	20723	5018	16199	4908	11553	4740
fbmy5635_rel_202203072101.cza1_gcp_c2s30	524453	765111	79622	37383	18896	4924	15848	4800	11513	4680
fbmy5635_rel_202205192101.cza1_gcp_c2s30	507357	767460	78106	36413	16944	4980	14676	4934	10461	4718
fbmy5635_rel_202208092101.cza1_gcp_c2s30	514469	759734	78278	36697	21275	4953	16388	4821	11309	4669
fbmy5635_rel_202210112144.cza1_gcp_c2s30	515863	752021	78354	36832	20840	4957	16835	4862	10995	4685
fbmy5635_rel_202302162102.cza1_gcp_c2s30	598982	698934	79228	37296	12109	4871	11905	4876	8579	4748
fbmy5635_rel_202304122154.cza1_gcp_c2s30	598086	697837	78837	37071	13163	4870	11911	4871	8216	4698
fbmy5635_rel_202305292102.cza1_gcp_c2s30	590755	692881	78624	36798	13308	4842	12326	4892	8844	4688
fbmy5635_rel_20230529_832.cza1_gcp_c2s30	594972	695531	80100	37123	12667	4866	12433	4875	8893	4773
fbmy5635_rel_20230529_843.cza1_gcp_c2s30	592417	697228	79741	37106	11989	4842	11681	4864	8345	4719
fbmy5635_rel_20230529_850.cza1_gcp_c2s30	594177	695410	76464	34737	4398	4813	11237	4944	8920	4785
fbmy5635_rel_221222.cza1_gcp_c2s30	593736	702617	81033	37488	12762	4875	12863	4922	8845	4714
fbmy8028_rel_221222.cza1_gcp_c2s30	511117	679117	80849	37488	11858	4977	11846	5037	8217	4913
fbmy8028_rel_221222.cza1ps0_gcp_c2s30	522944	664231	80951	37629	12958	4932	14116	5044	9584	4887
fbmy8032_rel_221222.cza1_gcp_c2s30	489476	667223	79741	36513	12085	4928	12362	5036	8527	4802
fbmy8032_rel_221222.cza1ps0_gcp_c2s30	500375	678081	79404	36680	13213	4922	14002	5084	8870	4873
