fbmy8028_rel_lto_jun23_ef5b9b101_hack.cy9c7j404_gcp_c2s30	546896	617776	81900	32885	32821	32257
fbmy8028_rel_lto_jun23_ef5b9b101_hack.cy9c7j411_gcp_c2s30	560460	692538	86702	33198	33260	32399
fbmy8028_rel_lto_jun23_ef5b9b101_hack.cy9c7j421_gcp_c2s30	559362	684480	86468	32885	32622	31951
fbmy8028_rel_lto_jun23_ef5b9b101_hack.cy9c7j431_gcp_c2s30	557258	672851	86815	33192	33500	32006
fbmy8028_rel_lto_jun23_ef5b9b101_hack.cy9c7j440_gcp_c2s30	564573	677524	87499	32167	32979	31684
fbmy8028_rel_lto_jun23_ef5b9b101_hack.cy9c7j450_gcp_c2s30	560695	663917	87260	32929	33453	32290
fbmy8028_rel_lto_jun23_ef5b9b101_hack.cy9c7j501_gcp_c2s30	560067	677868	86834	32170	33000	31625
fbmy8028_rel_lto_jun23_ef5b9b101_hack.cy9c7j510_gcp_c2s30	557958	670483	86608	32158	32788	31374
fbmy8028_rel_lto_jun23_ef5b9b101_hack.cy9c7j520_gcp_c2s30	562351	674553	86272	31931	32588	31420
fbmy8028_rel_lto_jun23_ef5b9b101_hack.cy9c7j521_gcp_c2s30	561561	634936	85754	31246	31833	30543
fbmy8028_rel_lto_jun23_ef5b9b101_hack.cy9c7o_gcp_c2s30	572984	620555	85443	33423	34018	32674
fbmy8028_rel_lto_jun23_ef5b9b101_hack.cy9c7j521prof_gcp_c2s30	565851	649051	86627	31810	32231	30926
fbmy8028_rel_lto_jun23_ef5b9b101_hack.cy9c7j521prod_gcp_c2s30	564892	623554	86787	32120	32659	31181
fbmy8028_rel_lto_jun23_ef5b9b101_hack.cy9c7j530_gcp_c2s30	560381	667017	86966	32553	32785	31163
