my5710_rel.cy10a_bee	86207	118009	1823	943	1109	988
my5711_rel.cy10a_bee	85233	114529	1825	929	1097	981
my5712_rel.cy10a_bee	84184	116888	1810	925	1101	979
my5713_rel.cy10a_bee	84273	117386	1818	951	1102	981
my5714_rel.cy10a_bee	84397	109633	1812	920	1095	978
my5715_rel.cy10a_bee	83490	111497	1819	937	1100	984
my5716_rel.cy10a_bee	83525	111824	1814	926	1104	981
my5717_rel.cy10a_bee	85043	114039	1820	949	1098	977
my5718_rel.cy10a_bee	83420	114056	1809	919	1102	982
my5719_rel.cy10a_bee	83814	114202	1836	914	1101	981
my5720_rel.cy10a_bee	83238	113329	1820	929	1095	979
my5721_rel.cy10a_bee	83446	116446	1810	941	1106	983
my5722_rel.cy10a_bee	78501	113796	1823	939	1099	980
my5723_rel.cy10a_bee	84549	108665	1815	926	1101	979
my5724_rel.cy10a_bee	83542	106937	1816	938	1095	978
my5725_rel.cy10a_bee	81708	114529	1763	919	1095	979
my5726_rel.cy10a_bee	82936	111824	1769	921	1090	975
my5727_rel.cy10a_bee	80898	113958	1755	912	1100	981
my5728_rel.cy10a_bee	80922	114202	1757	918	1092	972
my5729_rel.cy10a_bee	83533	110832	1766	918	1089	976
my5730_rel.cy10a_bee	82910	106595	1767	909	1096	972
my5731_rel.cy10a_bee	82610	110771	1763	924	1093	974
my5732_rel.cy10a_bee	82833	107627	1761	948	1087	969
my5733_rel.cy10a_bee	82355	107656	1762	912	1088	972
my5734_rel.cy10a_bee	81408	109828	1751	947	1089	971
my5735_rel.cy10a_bee	79792	109154	1749	947	1084	969
my5736_rel.cy10a_bee	80048	109783	1756	945	1083	966
my5737_rel.cy10a_bee	78895	108946	1751	915	1082	969
my5738_rel.cy10a_bee	80208	110496	1746	941	1085	966
my5739_rel.cy10a_bee	80233	110971	1742	912	1088	966
my5740_rel.cy10a_bee	80637	107584	1748	949	1088	968
my5741_rel.cy10a_bee	80499	107598	1748	914	1085	967
my5742_rel.cy10a_bee	80289	107281	1743	949	1089	968
my5743_rel.cy10a_bee	80922	108195	1746	926	1082	970
