my5710_rel.cy10a_bee	100	499	998
my5711_rel.cy10a_bee	100	499	998
my5712_rel.cy10a_bee	100	499	998
my5713_rel.cy10a_bee	100	499	998
my5714_rel.cy10a_bee	100	498	998
my5715_rel.cy10a_bee	100	499	997
my5716_rel.cy10a_bee	100	499	997
my5717_rel.cy10a_bee	100	499	998
my5718_rel.cy10a_bee	100	499	998
my5719_rel.cy10a_bee	100	499	998
my5720_rel.cy10a_bee	100	499	998
my5721_rel.cy10a_bee	100	499	998
my5722_rel.cy10a_bee	100	499	998
my5723_rel.cy10a_bee	100	499	997
my5724_rel.cy10a_bee	100	499	998
my5725_rel.cy10a_bee	100	499	998
my5726_rel.cy10a_bee	100	499	998
my5727_rel.cy10a_bee	100	499	998
my5728_rel.cy10a_bee	100	499	998
my5729_rel.cy10a_bee	100	499	998
my5730_rel.cy10a_bee	100	499	998
my5731_rel.cy10a_bee	100	499	998
my5732_rel.cy10a_bee	100	499	998
my5733_rel.cy10a_bee	100	499	998
my5734_rel.cy10a_bee	100	499	998
my5735_rel.cy10a_bee	100	499	998
my5736_rel.cy10a_bee	100	499	998
my5737_rel.cy10a_bee	100	499	998
my5738_rel.cy10a_bee	100	499	998
my5739_rel.cy10a_bee	100	499	998
my5740_rel.cy10a_bee	100	498	998
my5741_rel.cy10a_bee	100	499	998
my5742_rel.cy10a_bee	100	499	998
my5743_rel.cy10a_bee	100	499	998
