my5621_rel.cy10a_bee	104712	116860	20137	5533	5519	5505
my5651_rel.cy10a_bee	101010	111667	19881	5296	5245	5285
my5710_rel.cy10a_bee	88889	162097	22645	4104	4127	4087
my5721_rel.cy10a_bee	86207	158268	22007	4009	3981	3988
my5732_rel.cy10a_bee	86580	151128	22272	3958	3920	3992
my5743_rel.cy10a_bee	84034	150000	21730	3854	3856	3885
my8013_rel.cy10a_bee	69444	140559	16667	3438	3522	3568
my8020_rel.cy10a_bee	64102	135811	17606	3321	3306	3362
my8027_rel.cy10a_bee	63291	155814	19069	2871	2880	2897
my8034_rel.cy10a_bee	55710	141549	16773	2860	2852	2891
