pg140_o2nofp.cx10a_c8r32	142273	276052	3475	186	14541	529	13850	516	12356	480
pg1418_o2nofp.cx10a_c8r32	138768	280505	3445	185	14471	536	13795	518	12239	482
pg150_o2nofp.cx10a_c8r32	144639	303030	3271	176	14637	531	13940	516	12308	475
pg1513_o2nofp.cx10a_c8r32	146762	303030	3370	174	14389	537	13846	516	12035	475
pg160_o2nofp.cx10a_c8r32	144561	304646	3292	176	14576	531	13997	517	12212	477
pg169_o2nofp.cx10a_c8r32	143190	303490	3358	165	14266	526	13524	516	11989	475
pg170_o2nofp.cx10a_c8r32	143756	305927	3033	158	14540	534	13837	518	12017	481
pg175_o2nofp.cx10a_c8r32	144613	313357	3170	161	14660	532	13906	518	12081	481
pg18beta1_o2nofp.cx10b_c8r32	144404	314465	3021	158	14343	534	13556	518	11871	478
pg18beta1_o2nofp.cx10c_c8r32	142857	320384	3108	154	14445	529	13466	513	11699	473
pg18beta1_o2nofp.cx10d_c8r32	144092	312867	3142	158	14446	530	13708	512	11982	473
