my5621_rel.cz10a_bee	103448	101352	18527	12165	5688	4652	5671	4641	5680	4607
my5631_rel.cz10a_bee	98361	102740	17969	11962	5577	4558	5598	4518	5562	4553
my5641_rel.cz10a_bee	98039	100000	17905	11919	5592	4563	5601	4605	5596	4572
my5651_rel.cz10a_bee	100000	107914	18124	12106	5570	4574	5547	4507	5573	4528
my5710_rel.cz10a_bee	86207	149254	20942	10941	4237	3924	4222	3780	4280	3832
my5720_rel.cz10a_bee	87209	150000	20555	10753	4187	3833	4197	3765	4174	3799
my5730_rel.cz10a_bee	84270	148515	20460	10753	4158	3796	4211	3790	4164	3745
my5744_rel.cz10a_bee	83799	146342	20418	10504	4124	3768	4108	3697	4118	3686
my8013_rel.cz10a_bee	70588	136987	18544	10730	3637	3275	3694	3200	3766	3317
my8014_rel.cz10a_bee	70422	133929	17683	10661	3594	3106	3580	3128	3620	3119
my8020_rel.cz10a_bee	65646	129311	17338	10330	3408	3091	3443	3002	3501	3050
my8028_rel.cz10a_bee	63966	151516	19029	9242	3254	3058	3239	3021	3200	3026
my8035_rel.cz10a_bee	56818	138249	16928	8584	3554	2826	3540	2814	3567	2783
my8035_rel.cz10aps0_bee	59172	206897	17331	9042	3955	3056	3933	2962	3985	2957
my8035_rel_lessps.cz10a_bee	60606	209791	17825	9320	4080	3011	4123	3066	4077	3009
my8035_rel_lessps.cz10aps0_bee	60484	206897	17723	9242	4048	3099	4026	3041	4054	3052
my8036_rel.cz10a_bee	57252	136987	16906	8584	3526	2814	3550	2825	3531	2800
