ma100230_rel_withdbg.cz12a_c32r128	693642	2068967	109153	69565	97832	89500	95757	87749	93930	86285
ma100244_rel_withdbg.cz12a_c32r128	634921	2033900	108597	66390	96664	88750	94426	86969	92291	85385
ma100339_rel_withdbg.cz12a_c32r128	550459	2000002	101159	76190	95122	87271	93212	85716	90501	84020
ma100434_rel_withdbg.cz12a_c32r128	550459	2033900	101641	75829	89915	81992	87936	80558	85735	79311
ma100529_rel_withdbg.cz12a_c32r128	390879	1714287	69164	59113	90616	84558	89134	83036	87177	81086
ma100625_rel_withdbg.cz12a_c32r128	404040	1643837	77482	62176	92248	85110	91194	83828	89352	82174
ma101116_rel_withdbg.cz12a_c32r128	991736	1600001	167979	102128	92223	84310	91656	83790	90728	82750
ma101116_rel_withdbg.cz12b_c32r128	1000000	1621623	148262	84507	93926	85486	93143	84870	92132	83729
ma110410_rel_withdbg.cz12b_c32r128	1008403	1558443	156991	91428	93125	84005	92140	83479	91413	82527
ma110806_rel_withdbg.cz12b_c32r128	1052632	1538463	160669	95618	91479	85215	90586	84612	89687	83709
ma120301_rel_withdbg.cz12b_c32r128	1016949	1818183	161344	96579	93888	87344	92881	86635	91974	85680
ma130000_rel_withdbg.cz12b_c32r128	1016949	1818183	163543	95618	95093	88479	94227	87942	93375	86873
