ma100230_rel_withdbg.cz12a_c32r128	1193	1193	5964	5960	11927	11927
ma100244_rel_withdbg.cz12a_c32r128	1193	1193	5964	5960	11927	11920
ma100339_rel_withdbg.cz12a_c32r128	1193	1192	5960	5964	11907	11920
ma100434_rel_withdbg.cz12a_c32r128	1192	1192	5964	5960	11927	11927
ma100529_rel_withdbg.cz12a_c32r128	1193	1193	5964	5960	11927	11920
ma100625_rel_withdbg.cz12a_c32r128	1193	1193	5964	5960	11927	11920
ma101116_rel_withdbg.cz12a_c32r128	1192	1192	5960	5964	11927	11927
ma101116_rel_withdbg.cz12b_c32r128	1193	1193	5964	5964	11920	11920
ma110410_rel_withdbg.cz12b_c32r128	1192	1192	5960	5964	11927	11927
ma110806_rel_withdbg.cz12b_c32r128	1193	1193	5964	5960	11927	11920
ma120301_rel_withdbg.cz12b_c32r128	1193	1193	5964	5960	11927	11927
ma130000_rel_withdbg.cz12b_c32r128	1193	1193	5964	5960	11927	11927
