pg152_o2_nofp.cx8_1g_bee	72727	233721	9897	7803	7668	7588
pg152_o2_nofp.cx8a1_1g_bee	73260	231034	10091	7900	7859	7803
pg152_o2_nofp.cx8a2_1g_bee	72993	233721	9432	7720	7763	7617
pg152_o2_nofp.cx8a3_1g_bee	72464	231034	9996	7947	7884	7762
pg152_o2_nofp.cx8a4_1g_bee	73260	233721	10339	7863	7774	7580
pg152_o2_nofp.cx8a9_1g_bee	72464	233721	10410	7912	7671	7614
pg152_o2_nofp.cx8a10_1g_bee	72993	233721	10333	7874	7777	7562
pg152_o2_nofp.cx8a12_1g_bee	73260	239286	10202	7854	7919	7844
pg152_o2_nofp.cx8a14_1g_bee	72464	233721	9535	7760	7692	7546
pg152_o2_nofp.cx8a15_1g_bee	73529	233721	10204	7778	7732	7599
pg152_o2_nofp.cx8a16_1g_bee	72202	231034	17036	7901	7791	7788
pg152_o2_nofp.cx8a17_1g_bee	72464	233721	9042	8015	7689	7800
pg152_o2_nofp.cx8a18_1g_bee	72727	239286	16900	7761	7637	7798
pg152_o2_nofp.cx8a20_1g_bee	72993	239286	17562	7865	7803	7636
pg152_o2_nofp.cx8a21_1g_bee	73260	231034	17076	7860	7634	7775
pg152_o2_nofp.cx8a22_1g_bee	72464	233721	17259	7897	7780	7831
