ma100230_rel_withdbg.cz12a_c32r128	647016	883002	2920	1138	88968	7286	60528	730	46550	1714
ma100244_rel_withdbg.cz12a_c32r128	577571	695383	2907	1147	86823	7213	58277	731	45882	1714
ma100339_rel_withdbg.cz12a_c32r128	520758	672269	2403	1643	85629	7470	54887	1154	50031	1681
ma100434_rel_withdbg.cz12a_c32r128	518807	675549	2423	1622	82951	7429	53761	1188	48623	1658
ma100529_rel_withdbg.cz12a_c32r128	373057	725222	3093	3601	81395	6045	54823	2283	57398	1523
ma100625_rel_withdbg.cz12a_c32r128	383509	739675	3514	2544	83167	8465	51671	849	45185	2294
ma101116_rel_withdbg.cz12a_c32r128	839161	682723	3544	2421	85572	8596	51077	828	47815	2238
ma101116_rel_withdbg.cz12b_c32r128	836820	679245	2010	1507	83267	3652	50967	826	52878	1329
ma110410_rel_withdbg.cz12b_c32r128	794176	672143	1975	1476	81695	4391	37123	817	45551	1329
ma110806_rel_withdbg.cz12b_c32r128	814480	632800	1989	1484	81816	4523	37600	831	45904	1355
ma120301_rel_withdbg.cz12b_c32r128	799467	671642	1982	1484	83703	4438	37823	845	46389	1342
ma130000_rel_withdbg.cz12b_c32r128	806632	694310	1989	1493	85229	4496	38073	834	46903	1356
