ma100230_rel_withdbg.cz12a_c32r128	1192	1192	3764	3804	2825	1950
ma100244_rel_withdbg.cz12a_c32r128	1192	1193	3789	3850	2862	1968
ma100339_rel_withdbg.cz12a_c32r128	1192	1193	3839	2863	2228	2050
ma100434_rel_withdbg.cz12a_c32r128	1193	1193	3865	2811	2237	2052
ma100529_rel_withdbg.cz12a_c32r128	1193	1192	3865	1920	3841	2721
ma100625_rel_withdbg.cz12a_c32r128	1192	1192	5493	4491	3603	2649
ma101116_rel_withdbg.cz12a_c32r128	1192	1192	4852	4157	3202	2561
ma101116_rel_withdbg.cz12b_c32r128	1193	1193	3255	2135	2000	1481
ma110410_rel_withdbg.cz12b_c32r128	1192	1192	3167	2053	1964	1428
ma110806_rel_withdbg.cz12b_c32r128	1193	1192	3232	2082	1984	1446
ma120301_rel_withdbg.cz12b_c32r128	1193	1191	3190	2049	1978	1437
ma130000_rel_withdbg.cz12b_c32r128	1193	1191	3219	2086	1990	1450
