ma100244_rel_withdbg.cz11a_c8r32	166667	219781	34042	19455	8960	7632	8956	7607	8847	7539
ma100339_rel_withdbg.cz11a_c8r32	151515	217392	35180	19194	8818	7411	8713	7394	8726	7351
ma100434_rel_withdbg.cz11a_c8r32	149254	219781	35492	19268	8257	7121	8294	7056	8130	6965
ma100526_rel_withdbg.cz11a_c8r32	150376	192309	38910	20877	8327	7313	8345	7210	8313	7183
ma100527_rel_withdbg.cz11a_c8r32	153846	198021	38986	19920	8482	7306	8404	7369	8403	7334
ma100619_rel_withdbg.cz11a_c8r32	153846	194176	40486	24570	8335	7241	8289	7268	8279	7186
ma100619_rel_withdbg.cz11a_lwas4k_c8r32	153846	194176	40282	24450	8292	7241	8259	7266	8277	7228
ma100620_rel_withdbg.cz11a_c8r32	157480	196079	41710	26042	8535	7383	8513	7295	8503	7385
ma100620_rel_withdbg.cz11a_lwas4k_c8r32	153846	194176	41580	26316	8495	7323	8516	7253	8471	7266
ma101109_rel_withdbg.cz11a_c8r32	153846	188680	38462	22624	8294	7225	8281	7163	8339	7134
ma101109_rel_withdbg.cz11a_lwas4k_c8r32	155039	188680	40120	24213	8460	7217	8383	7157	8331	7129
ma101110_rel_withdbg.cz11a_c8r32	151515	190477	40080	23866	8556	7259	8420	7192	8426	7244
ma101110_rel_withdbg.cz11a_lwas4k_c8r32	156250	190477	41237	25907	8350	7293	8374	7193	8308	7195
ma110403_rel_withdbg.cz11b_c8r32	155039	185186	36068	21978	8426	7123	8290	7204	8344	7181
ma110403_rel_withdbg.cz11b_lwas4k_c8r32	149254	183487	37771	23310	8244	7144	8184	7135	8274	7144
ma110404_rel_withdbg.cz11b_c8r32	157480	194176	39331	23364	8429	7268	8457	7275	8349	7192
ma110404_rel_withdbg.cz11b_lwas4k_c8r32	157480	190477	40241	25316	8435	7311	8475	7302	8452	7241
ma110502_rel_withdbg.cz11b_c8r32	145985	188680	35619	21505	7901	6718	7952	6721	7967	6697
ma110502_rel_withdbg.cz11b_lwas4k_c8r32	145985	186917	37209	23148	7951	6680	7912	6660	7903	6630
ma110601_rel_withdbg.cz11b_c8r32	145985	188680	35367	21505	8038	6739	7998	6666	7908	6727
ma110601_rel_withdbg.cz11b_lwas4k_c8r32	144928	188680	36934	23202	7988	6678	7887	6697	7964	6688
ma110602_rel_withdbg.cz11b_c8r32	147059	188680	34305	22676	7816	6624	7897	6631	7920	6603
ma110602_rel_withdbg.cz11b_lwas4k_c8r32	147059	190477	38388	24450	8039	6751	7992	6677	8027	6640
ma110700_rel_withdbg.cz11b_c8r32	150376	194176	38498	22988	8131	6796	8142	6831	8059	6742
ma110700_rel_withdbg.cz11b_lwas4k_c8r32	151515	192309	39565	25000	8168	6804	8120	6822	8127	6783
ma110701_rel_withdbg.cz11b_c8r32	145985	188680	36866	22624	7967	6671	7934	6601	7954	6611
ma110701_rel_withdbg.cz11b_lwas4k_c8r32	147059	186917	38910	24510	7945	6653	7944	6656	7944	6672
my5744_rel_o2nofp.cz11a_c8r32	156250	222223	37879	23419	9415	7868	9381	7872	9341	7822
my8040_rel_o2nofp.cz11a_c8r32	107527	370372	35026	18832	8157	6182	8232	6167	8148	6132
