ma101107_rel.cz11a_bee	251968	421054	48558	22222	16259	19804	16269	19191	15856	18791
ma101107_rel.cz11b_bee	197531	463770	40879	21918	16028	18924	16138	19189	15676	18808
ma101107_rel.cz11c_bee	172973	470590	38750	19465	15989	19178	16099	19213	15638	18826
ma101107_rel.cz11d_bee	251968	463770	48324	22112	16092	19075	16294	19208	15793	18780
ma110401_rel.cz11b_bee	250000	421054	42941	21751	16142	19489	16469	19158	15856	18863
ma110401_rel.cz11c_bee	206452	415586	38647	19812	15965	18185	16356	19168	15816	18778
my8036_rel.cz11a_bee	189349	421054	25429	12001	17519	15251	17092	15105	16872	14562
my8036_rel.cz11b_bee	182857	58608	20377	11419	17494	15441	17524	14684	17422	13780
my8036_rel.cz11c_bee	184971	34115	14981	11096	18224	15200	17884	14462	17538	13360
my8036_rel.cz11d_bee	189349	400001	25584	12023	17496	15584	17152	15134	16875	14476
