ma101107_rel.cz11a_bee	399	399	1993	1994	3989	3989
ma101107_rel.cz11b_bee	399	399	1994	1993	3989	3989
ma101107_rel.cz11c_bee	399	399	1993	1994	3989	3989
ma101107_rel.cz11d_bee	399	399	1994	1994	3989	3989
ma110401_rel.cz11b_bee	399	399	1993	1994	3989	3989
ma110401_rel.cz11c_bee	399	399	1994	1994	3989	3989
my8036_rel.cz11a_bee	399	399	1993	1993	3989	3989
my8036_rel.cz11b_bee	399	399	1994	1994	3987	3989
my8036_rel.cz11c_bee	399	399	1994	1994	3989	3989
my8036_rel.cz11d_bee	399	399	1994	1994	3989	3989
