fbmy5635_rel_202104072149.cza1_ser7	217391	198676	71684	25189	3735	6876	3110	6888	5102	7080
fbmy5635_rel_202203072101.cza1_ser7	213523	198676	70299	25189	3897	6782	3777	6738	3762	6819
fbmy5635_rel_202205192101.cza1_ser7	210526	197369	69324	24450	4622	6667	3690	6676	3760	6822
fbmy5635_rel_202208092101.cza1_ser7	208333	197369	69204	24450	4053	6639	3652	6700	3646	6900
fbmy5635_rel_202210112144.cza1_ser7	210526	198020	68847	24154	5449	6939	4331	6904	3611	6911
fbmy5635_rel_202302162102.cza1_ser7	204082	198676	70547	24450	3286	6832	3858	6706	3801	7083
fbmy5635_rel_202304122154.cza1_ser7	208333	199336	70422	24450	3164	6882	3596	6846	3309	7019
fbmy5635_rel_202305292102.cza1_ser7	207612	198020	69324	24272	3860	6724	3168	6761	3700	6949
fbmy5635_rel_20230529_832.cza1_ser7	207612	200000	70175	24570	3623	6949	3696	6763	3015	7025
fbmy5635_rel_20230529_843.cza1_ser7	206896	199336	70796	24272	3569	6651	3269	6720	3862	6862
fbmy5635_rel_20230529_850.cza1_ser7	206896	197369	70671	24390	4422	6811	3878	6892	3428	7052
fbmy5635_rel_221222.cza1_ser7	206896	194175	69565	24038	2425	6862	3462	6789	3577	7020
