fbmy5635_rel_202104072149.cy10a_bee	78125	82041	26144	2666	2637	2633
fbmy5635_rel_202104072149.cy10a5_bee	77220	82377	26603	2659	2616	2603
fbmy5635_rel_202203072101.cy10a_bee	75758	82377	25846	2670	2660	2613
fbmy5635_rel_202203072101.cy10a5_bee	78740	82716	26645	2667	2626	2613
fbmy5635_rel_202205192101.cy10a_bee	77519	81707	26178	2679	2654	2644
fbmy5635_rel_202205192101.cy10a5_bee	77821	82377	26596	2667	2650	2619
fbmy5635_rel_202208092101.cy10a_bee	78125	82377	26110	2631	2629	2621
fbmy5635_rel_202208092101.cy10a5_bee	78125	82041	26518	2680	2646	2649
fbmy5635_rel_202210112144.cy10a_bee	77220	82377	26035	2628	2608	2605
fbmy5635_rel_202210112144.cy10a5_bee	77821	83058	26497	2650	2609	2590
fbmy5635_rel_202302162102.cy10a_bee	78125	81376	26774	2638	2621	2623
fbmy5635_rel_202302162102.cy10a5_bee	77821	82041	26652	2642	2640	2606
fbmy5635_rel_202304122154.cy10a_bee	77220	82041	26716	2670	2624	2594
fbmy5635_rel_202304122154.cy10a5_bee	77519	82041	26940	2663	2615	2606
fbmy5635_rel_202305292102.cy10a_bee	75758	83058	26511	2674	2615	2612
fbmy5635_rel_202305292102.cy10a5_bee	76628	82716	26371	2626	2617	2620
fbmy5635_rel_jun23_7e40af677.cy10a_bee	77519	82041	26532	2688	2632	2619
fbmy5635_rel_jun23_7e40af677.cy10a5_bee	77821	82041	26344	2647	2605	2582
