my5710_rel.cy10a22_gcp_c2s30	744186	1177206	94742	68964	68055	67050
my5711_rel.cy10a22_gcp_c2s30	761905	1177206	94809	69266	67809	66629
my5712_rel.cy10a22_gcp_c2s30	698690	1185926	90590	68004	67170	65517
my5713_rel.cy10a22_gcp_c2s30	772947	1185926	102590	67472	66786	65292
my5714_rel.cy10a22_gcp_c2s30	740741	1177206	101227	67893	67115	65485
my5715_rel.cy10a22_gcp_c2s30	751174	1177206	101820	67668	67039	65596
my5716_rel.cy10a22_gcp_c2s30	758294	1177206	101291	67632	66592	65641
my5717_rel.cy10a22_gcp_c2s30	772947	1185926	101911	67637	66900	65400
my5718_rel.cy10a22_gcp_c2s30	769231	1168613	101794	67852	66850	65502
my5719_rel.cy10a22_gcp_c2s30	792079	1177206	102590	68258	67101	65897
my5720_rel.cy10a22_gcp_c2s30	761905	1168613	101150	67923	66772	65772
my5721_rel.cy10a22_gcp_c2s30	765550	1185926	101394	67997	67164	65793
my5722_rel.cy10a22_gcp_c2s30	758294	1177206	101433	68131	67095	66010
my5723_rel.cy10a22_gcp_c2s30	788177	1177206	101600	67772	66900	65460
my5724_rel.cy10a22_gcp_c2s30	796020	1177206	100439	68276	67212	65802
my5725_rel.cy10a22_gcp_c2s30	776699	1168613	101691	67954	67018	65673
my5726_rel.cy10a22_gcp_c2s30	784314	1177206	100768	67777	66980	65409
my5727_rel.cy10a22_gcp_c2s30	758294	1177206	100301	67646	67057	66061
my5728_rel.cy10a22_gcp_c2s30	800000	1168613	100642	67688	66782	65746
my5729_rel.cy10a22_gcp_c2s30	792079	1081757	101368	67973	66689	65599
my5730_rel.cy10a22_gcp_c2s30	761905	1185926	101652	67427	66685	65325
my5731_rel.cy10a22_gcp_c2s30	751174	1104138	100908	67963	66856	65119
my5732_rel.cy10a22_gcp_c2s30	776699	1135461	100718	67526	66075	64730
my5733_rel.cy10a22_gcp_c2s30	765550	1177206	100088	67393	66125	64774
my5734_rel.cy10a22_gcp_c2s30	769231	1151798	100604	66775	65879	64584
my5735_rel.cy10a22_gcp_c2s30	804020	1160145	100718	66995	65790	64250
my5736_rel.cy10a22_gcp_c2s30	765550	1160145	99206	66984	65445	64334
my5737_rel.cy10a22_gcp_c2s30	765550	1160145	100100	66623	65567	64105
my5738_rel.cy10a22_gcp_c2s30	754717	1168613	100667	67084	65795	64459
my5739_rel.cy10a22_gcp_c2s30	788177	1160145	100781	66396	65248	63737
my5740_rel.cy10a22_gcp_c2s30	758294	1135461	99047	66586	65415	64092
my5741_rel.cy10a22_gcp_c2s30	754717	1160145	98790	67107	65864	64708
my5742_rel.cy10a22_gcp_c2s30	761905	1168613	99925	66832	65274	64104
my5743_rel.cy10a22_gcp_c2s30	751174	1151798	98998	66786	65752	64206
