my5710_rel.cy10a22_gcp_c2s30	796	3980	7960
my5711_rel.cy10a22_gcp_c2s30	796	3978	7960
my5712_rel.cy10a22_gcp_c2s30	796	3980	7960
my5713_rel.cy10a22_gcp_c2s30	796	3978	7960
my5714_rel.cy10a22_gcp_c2s30	796	3978	7960
my5715_rel.cy10a22_gcp_c2s30	796	3978	7960
my5716_rel.cy10a22_gcp_c2s30	796	3978	7960
my5717_rel.cy10a22_gcp_c2s30	796	3978	7960
my5718_rel.cy10a22_gcp_c2s30	796	3980	7956
my5719_rel.cy10a22_gcp_c2s30	796	3978	7960
my5720_rel.cy10a22_gcp_c2s30	796	3980	7960
my5721_rel.cy10a22_gcp_c2s30	796	3978	7960
my5722_rel.cy10a22_gcp_c2s30	796	3978	7956
my5723_rel.cy10a22_gcp_c2s30	796	3980	7960
my5724_rel.cy10a22_gcp_c2s30	796	3980	7960
my5725_rel.cy10a22_gcp_c2s30	796	3978	7960
my5726_rel.cy10a22_gcp_c2s30	796	3978	7956
my5727_rel.cy10a22_gcp_c2s30	796	3978	7960
my5728_rel.cy10a22_gcp_c2s30	796	3978	7960
my5729_rel.cy10a22_gcp_c2s30	796	3980	7960
my5730_rel.cy10a22_gcp_c2s30	796	3978	7956
my5731_rel.cy10a22_gcp_c2s30	796	3978	7960
my5732_rel.cy10a22_gcp_c2s30	796	3978	7956
my5733_rel.cy10a22_gcp_c2s30	796	3978	7960
my5734_rel.cy10a22_gcp_c2s30	796	3978	7960
my5735_rel.cy10a22_gcp_c2s30	796	3978	7956
my5736_rel.cy10a22_gcp_c2s30	796	3978	7960
my5737_rel.cy10a22_gcp_c2s30	796	3980	7960
my5738_rel.cy10a22_gcp_c2s30	796	3978	7960
my5739_rel.cy10a22_gcp_c2s30	796	3978	7956
my5740_rel.cy10a22_gcp_c2s30	796	3978	7956
my5741_rel.cy10a22_gcp_c2s30	796	3978	7960
my5742_rel.cy10a22_gcp_c2s30	796	3978	7960
my5743_rel.cy10a22_gcp_c2s30	796	3978	7960
