ma100230_rel_withdbg.cz12a_c8r32	166424	168670	2640	3215	9741	1390	9592	1156	9357	971
ma100244_rel_withdbg.cz12a_c8r32	167785	158951	2637	3164	8178	1328	8010	1102	7949	980
ma100309_rel_withdbg.cz12a_c8r32	165460	171969	2723	3215	9584	1371	9371	1124	9059	951
ma100339_rel_withdbg.cz12a_c8r32	145217	157294	2581	3125	7912	1327	7709	1093	7551	895
ma100408_rel_withdbg.cz12a_c8r32	150546	166044	2511	3135	8784	1346	8697	1142	8466	933
ma100434_rel_withdbg.cz12a_c8r32	145270	158103	2451	3106	7580	1287	7384	1068	7217	848
ma100506_rel_withdbg.cz12a_c8r32	165529	136472	2215	2638	8963	1369	8803	1156	8602	988
ma100529_rel_withdbg.cz12a_c8r32	147929	137245	2457	2985	7691	1253	7475	1064	7150	907
ma100605_rel_withdbg.cz12a_c8r32	156128	136542	1188	1307	8901	1308	8666	958	8466	574
ma100623_rel_withdbg.cz12a_c8r32	151659	134454	2457	2976	7610	1321	7384	1157	7137	1008
ma100624_rel_withdbg.cz12a_c8r32	159141	137198	2494	3058	8914	1382	8643	1208	8329	1079
ma100708_rel_withdbg.cz12a_c8r32	160675	137836	1199	1319	8841	1305	8272	965	7646	598
ma100808_rel_withdbg.cz12a_c8r32	148948	132868	2439	2817	8790	1374	8542	1225	8176	1110
ma100908_rel_withdbg.cz12a_c8r32	148893	134567	2407	2874	8751	1366	8442	1218	8162	1088
ma101007_rel_withdbg.cz12a_c8r32	149031	134273	1695	1821	8877	1196	8247	775	7445	611
ma101104_rel_withdbg.cz12a_c8r32	148148	132297	2320	2778	8852	1337	8410	1166	8006	1032
ma101114_rel_withdbg.cz12a_c8r32	153669	132758	2448	2994	7708	1321	7394	1144	7178	1022
ma101115_rel_withdbg.cz12a_c8r32	156280	132604	2478	3067	8978	1382	8701	1206	8395	1078
ma110006_rel_withdbg.cz12b_c8r32	147086	133757	1588	1704	8714	1326	8073	1067	7461	865
ma110106_rel_withdbg.cz12b_c8r32	155824	132780	1777	1901	8858	1342	8358	1102	7873	873
ma110206_rel_withdbg.cz12b_c8r32	161812	133936	1812	2110	8913	1350	8457	1114	7915	874
ma110302_rel_withdbg.cz12b_c8r32	147601	132013	1548	1859	8842	1215	8004	853	7075	624
ma110408_rel_withdbg.cz12b_c8r32	145772	132538	1776	2062	7502	1292	7150	1065	6746	804
ma110409_rel_withdbg.cz12b_c8r32	155069	133534	1757	2096	8812	1350	8326	1108	7863	876
ma110502_rel_withdbg.cz12b_c8r32	154440	135272	1779	1883	8452	1318	8070	1088	7584	860
ma110602_rel_withdbg.cz12b_c8r32	153433	133001	1804	2119	8536	1324	8108	1093	7661	867
ma110702_rel_withdbg.cz12b_c8r32	153081	133400	1800	2123	8748	1350	8324	1078	7789	883
ma110803_rel_withdbg.cz12b_c8r32	153787	134816	1803	2062	7506	1294	7084	1068	6742	823
ma110805_rel_withdbg.cz12b_c8r32	160449	133534	1760	2088	8674	1347	8293	1103	7856	880
ma120002_rel_withdbg.cz12b_c8r32	143420	132319	1796	2123	8738	1340	8248	1071	7773	876
ma120101_rel_withdbg.cz12b_ahi1_c8r32	34666	117147	1877	2141	8563	1341	8136	1171	7780	952
ma120101_rel_withdbg.cz12b_c8r32	154889	134567	1808	2105	7440	1299	7027	1043	6697	855
ma120102_rel_withdbg.cz12b_c8r32	162305	134318	1777	2096	8658	1352	8155	1082	7603	884
ma120201_rel_withdbg.cz12b_c8r32	160064	134544	1768	2110	8578	1351	8108	1082	7657	885
