ma100230_rel_withdbg.cz12a_c8r32	100	100	500	500	1000	999
ma100244_rel_withdbg.cz12a_c8r32	100	100	500	500	999	999
ma100309_rel_withdbg.cz12a_c8r32	100	100	500	500	999	999
ma100339_rel_withdbg.cz12a_c8r32	100	100	500	500	1000	1000
ma100408_rel_withdbg.cz12a_c8r32	100	100	500	499	999	999
ma100434_rel_withdbg.cz12a_c8r32	100	100	500	499	999	999
ma100506_rel_withdbg.cz12a_c8r32	100	100	500	499	999	999
ma100529_rel_withdbg.cz12a_c8r32	100	100	499	500	999	999
ma100605_rel_withdbg.cz12a_c8r32	100	100	500	500	999	999
ma100623_rel_withdbg.cz12a_c8r32	100	100	500	500	999	998
ma100624_rel_withdbg.cz12a_c8r32	100	100	500	500	999	999
ma100708_rel_withdbg.cz12a_c8r32	100	100	500	500	999	999
ma100808_rel_withdbg.cz12a_c8r32	100	100	500	500	999	999
ma100908_rel_withdbg.cz12a_c8r32	100	100	500	500	999	999
ma101007_rel_withdbg.cz12a_c8r32	100	100	499	499	988	983
ma101104_rel_withdbg.cz12a_c8r32	100	100	500	500	999	999
ma101114_rel_withdbg.cz12a_c8r32	100	100	500	499	999	999
ma101115_rel_withdbg.cz12a_c8r32	100	100	500	500	999	999
ma110006_rel_withdbg.cz12b_c8r32	100	100	500	499	1000	999
ma110106_rel_withdbg.cz12b_c8r32	100	100	500	500	999	999
ma110206_rel_withdbg.cz12b_c8r32	100	100	500	500	999	999
ma110302_rel_withdbg.cz12b_c8r32	100	100	500	500	999	999
ma110408_rel_withdbg.cz12b_c8r32	100	100	500	500	999	994
ma110409_rel_withdbg.cz12b_c8r32	100	100	500	500	1000	999
ma110502_rel_withdbg.cz12b_c8r32	100	100	500	499	999	999
ma110602_rel_withdbg.cz12b_c8r32	100	100	500	500	999	999
ma110702_rel_withdbg.cz12b_c8r32	100	100	500	500	999	999
ma110803_rel_withdbg.cz12b_c8r32	100	100	500	500	999	999
ma110805_rel_withdbg.cz12b_c8r32	100	100	499	499	999	999
ma120002_rel_withdbg.cz12b_c8r32	100	100	500	500	999	999
ma120101_rel_withdbg.cz12b_ahi1_c8r32	100	100	500	500	999	999
ma120101_rel_withdbg.cz12b_c8r32	100	100	500	500	999	999
ma120102_rel_withdbg.cz12b_c8r32	100	100	500	500	999	999
ma120201_rel_withdbg.cz12b_c8r32	100	100	500	500	999	999
