fbmy5635_20220307_6282_fdo0_lto1.cy9c5_u	573477	1391594	64295	91418	85302	76500
fbmy5635_20220519_722_fdo0_lto1.cy9c5_u	567376	1352394	63428	91117	84429	76858
fbmy5635_20220809_731_fdo0_lto1.cy9c5_u	569395	1387572	63085	90913	84208	76281
fbmy5635_20221011_731_fdo0_lto1.cy9c5_u	569395	1383573	63244	90806	84485	76076
fbmy5635_20230216_7100_fdo0_lto1.cy9c5_u	625815	1360057	63884	90868	84851	77312
fbmy5635_20230412_7102_fdo0_lto1.cy9c5_u	616174	1371714	63711	91034	85744	77425
fbmy5635_20230529_821_fdo0_lto1.cy9c5_u	621762	1383573	63671	90887	85516	77526
fbmy5635_20230628_821_fdo0_lto1.cy9c5_u	614597	1356215	63556	90730	85088	77459
fbmy5635_20230628_833_fdo0_lto1.cy9c5_u	631579	1387572	64340	90646	84788	77419
fbmy5635_20230628_844_fdo0_lto1.cy9c5_u	629921	1341061	64488	89656	83590	76452
fbmy5635_20230628_853_fdo0_lto1.cy9c5_u	632411	1352394	64554	89852	83920	76383
fbmy5635_20230628_863_fdo0_lto1.cy9c5_u	629096	1367806	64150	89892	83810	76461
