fbmy5635_20220307_6282_fdo0_lto1.cy9c5_u	2381	11907	23828
fbmy5635_20220519_722_fdo0_lto1.cy9c5_u	2381	11907	23828
fbmy5635_20220809_731_fdo0_lto1.cy9c5_u	2381	11907	23821
fbmy5635_20221011_731_fdo0_lto1.cy9c5_u	2381	11907	23828
fbmy5635_20230216_7100_fdo0_lto1.cy9c5_u	2381	11907	23834
fbmy5635_20230412_7102_fdo0_lto1.cy9c5_u	2381	11907	23828
fbmy5635_20230529_821_fdo0_lto1.cy9c5_u	2381	11907	23828
fbmy5635_20230628_821_fdo0_lto1.cy9c5_u	2381	11907	23828
fbmy5635_20230628_833_fdo0_lto1.cy9c5_u	2381	11907	23828
fbmy5635_20230628_844_fdo0_lto1.cy9c5_u	2381	11907	23828
fbmy5635_20230628_853_fdo0_lto1.cy9c5_u	2381	11907	23828
fbmy5635_20230628_863_fdo0_lto1.cy9c5_u	2382	11911	23828
