my5651_rel_o2nofp.cz12a_c32r128	588235	434783	73310	40336	124089	106971	121066	104368	116670	101387
my5744_rel_o2nofp.cz12a_c32r128	681818	1764707	100734	65217	103047	90742	102065	89651	100142	88393
my8043_rel_o2nofp.cz12a_c32r128	821918	2105265	180282	78688	88113	68451	87400	67912	86028	66977
my8044_rel_o2nofp.cz12a_c32r128	810811	2033900	178439	77295	87431	67597	86728	66919	85365	66041
my8406_rel_o2nofp.cz12a_c32r128	805369	2105265	176633	76190	87207	66956	86479	66278	85481	65549
my8407_rel_o2nofp.cz12a_c32r128	805369	2105265	177122	77046	86349	66900	85754	66270	84533	65565
my8407_rel_o2nofp.cz12a_nocb_c32r128	816326	2105265	180451	77046	86367	67455	85753	66856	84646	66022
my9400_rel_o2nofp.cz12a_c32r128	800000	2068967	176147	76190	88604	68507	87881	67858	86671	66970
my9500_rel_o2nofp.cz12a_c32r128	794702	2105265	160535	80537	88822	68808	88253	68080	86993	67396
my9500_rel_o2nofp.cz13a_c32r128	800000	2105265	176633	76433	87362	68255	86846	67708	85600	66827
