pg140_o2nofp.cx10a_c8r32	142883	279916	3328	188	14554	554	13999	540	12392	508
pg1418_o2nofp.cx10a_c8r32	139252	282087	3584	191	14546	554	13787	537	12345	501
pg150_o2nofp.cx10a_c8r32	146413	302801	3303	180	14686	553	13942	538	12298	495
pg1513_o2nofp.cx10a_c8r32	146012	304762	3279	172	14568	553	13735	534	12093	491
pg160_o2nofp.cx10a_c8r32	145138	304646	3322	178	14794	557	14082	537	12433	496
pg169_o2nofp.cx10a_c8r32	145059	300639	3413	175	14487	553	13749	535	12097	494
pg170_o2nofp.cx10a_c8r32	143859	304878	3185	164	14674	550	13867	531	12161	489
pg175_o2nofp.cx10a_c8r32	143292	311891	3101	161	14537	554	13638	533	11970	492
pg18beta1_o2nofp.cx10b_c8r32	142096	314589	3113	154	14471	544	13730	528	11830	486
pg18beta1_o2nofp.cx10c_c8r32	143781	318218	3056	150	14408	549	13255	531	11753	488
pg18beta1_o2nofp.cx10d_c8r32	143369	317334	3122	152	14375	548	13512	532	11647	489
