my8033_rel_lto.cy10a_4g_gcp_c2s30	669456	899438	13210	3611	1923	1114
my8033_rel_lto.cy10a1_4g_gcp_c2s30	661157	884530	14543	4038	2201	1297
my8033_rel_lto.cy10a2_4g_gcp_c2s30	666667	894413	12835	3449	1884	1086
my8033_rel_lto.cy10a3_4g_gcp_c2s30	672269	899438	12868	3464	1915	1112
my8033_rel_lto.cy10a5_4g_gcp_c2s30	669456	889444	2308	2851	942	938
my8033_rel_lto.cy10a6_4g_gcp_c2s30	666667	941765	12998	3702	2278	1162
my8033_rel_lto.cy10a7_4g_gcp_c2s30	675105	860753	13477	3648	1917	1070
my8033_rel_lto.cy10a8_4g_gcp_c2s30	666667	865405	13262	3673	1908	1006
my8033_rel_lto.cy10a9_4g_gcp_c2s30	663900	842632	13450	3685	1898	1070
my8033_rel_lto.cy10a10_4g_gcp_c2s30	663900	914857	12003	2875	2025	1198
my8033_rel_lto.cy10a11_4g_gcp_c2s30	669456	947337	13141	3591	1929	1094
my8033_rel_lto.cy10a12_4g_gcp_c2s30	669456	884530	13164	3651	1941	1094
my8033_rel_lto.cy10a13_4g_gcp_c2s30	666667	904520	3647	15903	1473	1628
my8033_rel_lto.cy10a14_4g_gcp_c2s30	666667	909659	3426	2956	1000	973
my8033_rel_lto.cy10a15_4g_gcp_c2s30	663900	947337	13038	3600	1907	1104
my8033_rel_lto.cy10a16_4g_gcp_c2s30	672269	812690	13188	3669	1815	1170
my8033_rel_lto.cy10a17_4g_gcp_c2s30	675105	1127465	22423	9594	8859	6748
my8033_rel_lto.cy10a18_4g_gcp_c2s30	653061	856150	7035	1675	668	366
