my8033_rel_lto.cy10a_4g_gcp_c2s30	792	3958	7912
my8033_rel_lto.cy10a1_4g_gcp_c2s30	792	3960	7916
my8033_rel_lto.cy10a2_4g_gcp_c2s30	791	3958	7903
my8033_rel_lto.cy10a3_4g_gcp_c2s30	792	3960	7916
my8033_rel_lto.cy10a5_4g_gcp_c2s30	792	2254	2254
my8033_rel_lto.cy10a6_4g_gcp_c2s30	792	3962	7925
my8033_rel_lto.cy10a7_4g_gcp_c2s30	791	3958	7916
my8033_rel_lto.cy10a8_4g_gcp_c2s30	791	3965	7916
my8033_rel_lto.cy10a9_4g_gcp_c2s30	789	3965	7852
my8033_rel_lto.cy10a10_4g_gcp_c2s30	792	3960	7921
my8033_rel_lto.cy10a11_4g_gcp_c2s30	792	3960	7921
my8033_rel_lto.cy10a12_4g_gcp_c2s30	792	3958	7916
my8033_rel_lto.cy10a13_4g_gcp_c2s30	796	3324	2423
my8033_rel_lto.cy10a14_4g_gcp_c2s30	792	2910	2923
my8033_rel_lto.cy10a15_4g_gcp_c2s30	792	3958	7921
my8033_rel_lto.cy10a16_4g_gcp_c2s30	792	3915	7860
my8033_rel_lto.cy10a17_4g_gcp_c2s30	781	3808	7419
my8033_rel_lto.cy10a18_4g_gcp_c2s30	699	2782	2974
