my5651_rel_o2nofp.cz12a_c32r128	525241	340748	5561	1364	109827	4053	54982	1908	44094	2793
my5744_rel_o2nofp.cz12a_c32r128	671016	972973	5869	1557	94284	6360	68776	1652	47149	2362
my8043_rel_o2nofp.cz12a_c32r128	816882	509698	5960	1375	86010	6735	65707	1703	40575	1814
my8044_rel_o2nofp.cz12a_c32r128	824553	508978	5932	1404	86332	6722	66654	1753	40932	1841
my8406_rel_o2nofp.cz12a_c32r128	806994	483286	5916	1273	84016	6252	65465	1472	37776	1779
my8407_rel_o2nofp.cz12a_c32r128	808444	491803	5859	1269	83544	6414	65214	1467	38162	1799
my8407_rel_o2nofp.cz12a_nocb_c32r128	817996	507185	2790	939	83854	6382	58623	674	37978	1258
my9400_rel_o2nofp.cz12a_c32r128	811725	493016	5905	1254	86486	6304	66648	1472	37761	1764
my9500_rel_o2nofp.cz12a_c32r128	806090	495186	3838	1888	85684	6684	63865	1570	43199	1732
my9500_rel_o2nofp.cz13a_c32r128	804829	496483	5930	1289	84966	6459	66957	1514	38857	1787
