my5651_rel_o2nofp.cz12a_c32r128	1193	1191	5599	5729	7619	2589
my5744_rel_o2nofp.cz12a_c32r128	1193	1191	5328	5304	10445	3731
my8043_rel_o2nofp.cz12a_c32r128	1193	1177	5138	4966	9922	4324
my8044_rel_o2nofp.cz12a_c32r128	1193	1181	5158	5005	10023	4479
my8406_rel_o2nofp.cz12a_c32r128	1192	1193	5717	5778	9760	3584
my8407_rel_o2nofp.cz12a_c32r128	1193	1192	5622	5800	9954	3659
my8407_rel_o2nofp.cz12a_nocb_c32r128	1193	1193	3662	3361	2819	1833
my9400_rel_o2nofp.cz12a_c32r128	1193	1192	5806	5835	9515	3532
my9500_rel_o2nofp.cz12a_c32r128	1193	1189	5657	5640	4375	2906
my9500_rel_o2nofp.cz13a_c32r128	1193	1193	5654	5681	10189	3642
