my8033_rel_lto.cy10a_bee	58140	145652	16966	2953	2962	2983
my8033_rel_lto.cy10a2_bee	56657	164754	16700	2990	2989	3002
my8033_rel_lto.cy10a5_bee	57143	150000	16972	2903	2949	2963
my8033_rel_lto.cy10a7_bee	56180	147794	16807	2901	2934	2955
my8033_rel_lto.cy10a10_bee	57637	150000	16915	2933	2960	2981
my8033_rel_lto.cy10a12_bee	58651	150000	17538	2906	2914	2914
my8033_rel_lto.cy10a13_bee	56980	146715	16801	2952	2958	2998
my8033_rel_lto.cy10a14_bee	56980	147794	16869	2925	2919	2957
my8033_rel_lto.cy10a15_bee	58997	152273	17065	2952	2958	2989
my8033_rel_lto.cy10a16_bee	57637	150000	17349	2953	2978	2981
my8033_rel_lto.cy10a17_bee	57803	152273	17053	2937	2929	2979
my8033_rel_lto.cy10a18_bee	58309	191428	16644	2967	2951	2976
my8033_rel_lto.cy10a19_bee	58651	148889	16955	2931	2964	2953
my8033_rel_lto.cy10a20_bee	58651	148889	17036	2932	2955	2986
my8033_rel_lto.cy10a21_bee	57471	148889	16920	2914	2947	2997
my8033_rel_lto.cy10a22_bee	57306	150000	16880	2926	2986	3031
