fbmy8028_rel_lto_jun23_ef5b9b101_hack.cy9c5j404_gcp_c2s30	545479	619402	83273	31457	31796	30424
fbmy8028_rel_lto_jun23_ef5b9b101_hack.cy9c5j411_gcp_c2s30	546075	622778	84379	31647	32086	30174
fbmy8028_rel_lto_jun23_ef5b9b101_hack.cy9c5j421_gcp_c2s30	555942	620459	84522	31748	31262	30682
fbmy8028_rel_lto_jun23_ef5b9b101_hack.cy9c5j431_gcp_c2s30	559206	624820	85233	31673	32246	30931
fbmy8028_rel_lto_jun23_ef5b9b101_hack.cy9c5j440_gcp_c2s30	558893	626582	86787	31226	32182	30838
fbmy8028_rel_lto_jun23_ef5b9b101_hack.cy9c5j450_gcp_c2s30	562509	615495	85782	31374	31972	30736
fbmy8028_rel_lto_jun23_ef5b9b101_hack.cy9c5j501_gcp_c2s30	554477	644138	84890	31947	32547	30866
fbmy8028_rel_lto_jun23_ef5b9b101_hack.cy9c5j510_gcp_c2s30	556638	640118	85653	31797	32278	30776
fbmy8028_rel_lto_jun23_ef5b9b101_hack.cy9c5j520_gcp_c2s30	559519	625211	85097	31281	31922	30799
fbmy8028_rel_lto_jun23_ef5b9b101_hack.cy9c5j521_gcp_c2s30	558114	641042	85025	31176	31701	30628
fbmy8028_rel_lto_jun23_ef5b9b101_hack.cy9c5o_gcp_c2s30	555170	638688	84397	31101	31648	30007
fbmy8028_rel_lto_jun23_ef5b9b101_hack.cy9c5j521prof_gcp_c2s30	567215	666683	87336	32258	32533	31100
fbmy8028_rel_lto_jun23_ef5b9b101_hack.cy9c5j521prod_gcp_c2s30	565691	656615	87146	32457	33063	31453
fbmy8028_rel_lto_jun23_ef5b9b101_hack.cy9c5j530_gcp_c2s30	557802	626975	85025	31581	31763	30527
