pg9023_def.cx9a2_bee	62126	85034	1131	55	7315	401	6601	383	5134	365
pg9124_def.cx9a2_bee	64072	82043	1188	58	7588	393	7010	378	5386	357
pg9224_def.cx9a2_bee	62402	85671	1060	51	8141	396	7363	367	5399	358
pg9325_def.cx9a2_bee	64031	83403	1104	53	8073	393	7389	363	5584	348
pg9426_def.cx9a2_bee	65035	94073	1118	54	8366	396	7407	371	5614	349
pg9525_def.cx9a2_bee	65248	112724	1181	56	8227	400	7375	379	5519	358
pg9624_def.cx9a2_bee	62957	126203	1159	54	8203	396	7595	381	5626	369
pg1023_def.cx9a2_bee	63286	186003	1139	52	7904	395	7342	379	5364	368
pg1122_def.cx9a2_bee	74115	179775	1165	54	8442	396	7821	380	5792	370
pg1217_def.cx9a2_bee	72681	183066	2225	114	8641	398	8102	385	7232	363
pg1313_def.cx9a2_bee	75047	184971	2112	107	8508	394	8234	382	7184	359
pg1410_def.cx9a2_bee	73013	185100	2106	107	8628	394	8083	381	7026	357
pg1411_def.cx9a2_bee	72405	181036	2259	118	8595	394	8183	382	7187	358
pg155_def.cx9a2_bee	75829	190431	2041	103	8532	395	8024	382	7069	358
pg156_def.cx9a2_bee	74336	195695	2187	112	8530	396	8110	382	7245	358
pg161_def.cx9a2_bee	75012	198560	2081	103	8519	395	8087	382	6981	359
pg162_def.cx9a2_bee	75479	194316	2089	102	8378	395	8102	382	7005	359
