pg9023_def.cx9a2_bee	100	100	499	499	796	503
pg9124_def.cx9a2_bee	100	100	499	499	825	526
pg9224_def.cx9a2_bee	100	100	499	499	742	467
pg9325_def.cx9a2_bee	100	100	499	499	767	483
pg9426_def.cx9a2_bee	100	100	499	498	779	491
pg9525_def.cx9a2_bee	100	100	499	499	797	506
pg9624_def.cx9a2_bee	100	100	499	499	780	495
pg1023_def.cx9a2_bee	100	100	499	499	760	481
pg1122_def.cx9a2_bee	100	100	499	499	782	496
pg1217_def.cx9a2_bee	100	100	499	499	998	975
pg1313_def.cx9a2_bee	100	100	499	499	998	948
pg1410_def.cx9a2_bee	100	100	499	499	997	946
pg1411_def.cx9a2_bee	100	100	499	499	998	987
pg155_def.cx9a2_bee	100	100	499	499	998	923
pg156_def.cx9a2_bee	100	100	498	499	997	970
pg161_def.cx9a2_bee	100	100	498	499	998	926
pg162_def.cx9a2_bee	100	100	499	499	998	920
