pg9023_def.cx9a2_bee	62126	85034	1131	55	7315	401	6601	383	5134	365
pg9124_def.cx9a2_bee	64072	82043	1188	58	7588	393	7010	378	5386	357
pg9224_def.cx9a2_bee	62402	85671	1060	51	8141	396	7363	367	5399	358
pg9325_def.cx9a2_bee	64031	83403	1104	53	8073	393	7389	363	5584	348
pg9426_def.cx9a2_bee	65035	94073	1118	54	8366	396	7407	371	5614	349
pg9525_def.cx9a2_bee	65248	112724	1181	56	8227	400	7375	379	5519	358
pg9624_def.cx9a2_bee	62957	126203	1159	54	8203	396	7595	381	5626	369
pg1023_def.cx9a2_bee	63286	186003	1139	52	7904	395	7342	379	5364	368
pg1122_def.cx9a2_bee	74543	179816	1136	53	8552	395	7761	380	5737	369
pg1217_def.cx9a2_bee	72747	182774	2243	115	8445	397	8067	385	7162	362
pg1313_def.cx9a2_bee	75365	183655	2116	109	8338	394	8102	381	7090	360
pg1410_def.cx9a2_bee	73394	185057	2099	107	5823	392	5918	371	5139	365
pg155_def.cx9a2_bee	75529	192678	2040	103	5855	391	5847	369	5156	365
pg161_def.cx9a2_bee	75779	197287	2065	103	5939	391	5861	369	5160	365
