pg9023_def.cx9a2_bee	100	100	499	499	796	503
pg9124_def.cx9a2_bee	100	100	499	499	825	526
pg9224_def.cx9a2_bee	100	100	499	499	742	467
pg9325_def.cx9a2_bee	100	100	499	499	767	483
pg9426_def.cx9a2_bee	100	100	499	498	779	491
pg9525_def.cx9a2_bee	100	100	499	499	797	506
pg9624_def.cx9a2_bee	100	100	499	499	780	495
pg1023_def.cx9a2_bee	100	100	499	499	760	481
pg1122_def.cx9a2_bee	100	100	499	499	767	485
pg1217_def.cx9a2_bee	100	100	498	499	998	979
pg1313_def.cx9a2_bee	100	100	499	499	998	954
pg1410_def.cx9a2_bee	100	100	499	499	611	494
pg155_def.cx9a2_bee	100	100	499	499	588	476
pg161_def.cx9a2_bee	100	100	499	499	590	478
