fbmy5635_202203072101.cy9c_u	569828	1422150	68070	86457	80965	72082
fbmy5635_202205192101.cy9c_u	538648	1399918	64109	82368	77176	68488
fbmy5635_202208092101.cy9c_u	531608	1402372	62995	81628	76219	68239
fbmy5635_202210112144.cy9c_u	535260	1399755	63022	82039	76585	68444
fbmy5635_202302162102.cy9c_u	543897	1396985	57301	78541	73232	64503
fbmy5635_202304122154.cy9c_u	541418	1384254	57463	81085	75253	63556
fbmy5635_202305292102.cy9c_u	538116	1380591	56775	77529	72450	64168
fbmy5635_20230529_832.cy9c_u	534736	1388258	57214	73815	69228	61450
fbmy5635_20230529_843.cy9c_u	521218	1393902	56325	71605	67261	58499
fbmy5635_20230529_850.cy9c_u	534712	1380115	56840	72391	67695	58978
