pg152_o2_nofp.cx8_bee	73590	198536	1473	7651	7822	7992
pg152_o2_nofp.cx8a1_bee	72946	193917	1246	7697	7693	7584
pg152_o2_nofp.cx8a2_bee	73354	198536	1494	7605	7710	7805
pg152_o2_nofp.cx8a3_bee	72760	199129	1158	7606	7768	7728
pg152_o2_nofp.cx8a4_bee	73039	198684	1170	7725	7733	7631
pg152_o2_nofp.cx8a9_bee	73053	198290	844	7631	7852	7944
pg152_o2_nofp.cx8a10_bee	72497	200275	1041	7624	7813	7688
pg152_o2_nofp.cx8a12_bee	72767	199427	841	7659	7875	7688
pg152_o2_nofp.cx8a14_bee	72418	198684	1478	7726	7758	7690
pg152_o2_nofp.cx8a15_bee	73006	197898	1529	7645	7768	7618
pg152_o2_nofp.cx8a16_bee	73146	199775	1428	7599	7766	7706
pg152_o2_nofp.cx8a17_bee	73327	198339	1149	7754	7768	7699
pg152_o2_nofp.cx8a18_bee	72820	198044	1304	7664	7855	7383
pg152_o2_nofp.cx8a20_bee	73644	199825	843	7734	7861	7734
pg152_o2_nofp.cx8a21_bee	73133	195719	1470	7734	7688	7697
pg152_o2_nofp.cx8a22_bee	73314	199278	1454	7845	7948	7812
