fbmy5635_rel_202104072149.cy10a5_bee	81086	76019	26745	2028	2048	2044
fbmy5635_rel_202203072101.cy10a5_bee	79499	76026	26233	1979	2001	2043
fbmy5635_rel_202205192101.cy10a5_bee	76716	75481	25753	2038	2019	2026
fbmy5635_rel_202208092101.cy10a5_bee	77250	75212	25840	1949	1984	1985
fbmy5635_rel_202210112144.cy10a5_bee	76967	75753	25773	2002	2024	2051
fbmy5635_rel_202302162102.cy10a5_bee	76908	75417	25588	1930	1940	1972
fbmy5635_rel_202304122154.cy10a5_bee	77265	75738	25562	1956	1922	1984
fbmy5635_rel_202305292102.cy10a5_bee	75944	75860	25381	1972	1997	1987
fbmy5635_rel_20230529_832.cy10a5_bee	76307	76004	25107	1926	1914	1951
fbmy5635_rel_20230529_843.cy10a5_bee	76621	75467	25813	1888	1933	1919
fbmy5635_rel_20230529_850.cy10a5_bee	76067	76004	26076	1944	1940	1957
