fbmy5635_rel_202104072149.cy10a_bee	81350	76135	26490	2068	2071	2070
fbmy5635_rel_202203072101.cy10a_bee	78958	76004	26042	1969	2006	2004
fbmy5635_rel_202205192101.cy10a_bee	76198	75275	25374	1946	1987	2059
fbmy5635_rel_202208092101.cy10a_bee	76982	75417	25471	2023	1986	2007
fbmy5635_rel_202210112144.cy10a_bee	77504	74986	25452	1978	1965	1987
fbmy5635_rel_202302162102.cy10a_bee	78003	75410	25342	1970	1982	1955
fbmy5635_rel_202304122154.cy10a_bee	76864	75868	25413	1895	1934	1948
fbmy5635_rel_202305292102.cy10a_bee	76482	76280	25523	1925	1946	1986
fbmy5635_rel_20230529_832.cy10a_bee	75522	75925	25291	1996	1975	1965
fbmy5635_rel_20230529_843.cy10a_bee	76672	75846	24789	1939	1921	1940
fbmy5635_rel_20230529_850.cy10a_bee	75844	75695	24845	1951	1943	1962
