ma100434_rel_withdbg.cz11a_c32r128	531915	2439026	78335	73126	181000	145424	176869	142253	170364	133826
ma100527_rel_withdbg.cz11a_c32r128	345423	2105264	53440	50157	178406	129413	170492	134372	161368	126007
ma100620_rel_withdbg.cz11a_c32r128	331126	2380954	60128	51746	190005	130666	181656	137785	173142	131441
ma100620_rel_withdbg.cz11a_lwas4k_c32r128	336700	2500001	60218	51847	191488	133007	183120	140089	174586	135867
ma101110_rel_withdbg.cz11a_c32r128	298062	2409640	52910	44272	190584	133770	181862	138063	171956	127386
ma101110_rel_withdbg.cz11a_lwas4k_c32r128	298507	2409640	51923	39624	188682	130744	179051	134568	168849	125916
ma110404_rel_withdbg.cz11b_c32r128	300752	2325582	53664	44568	190218	131348	181684	135941	171987	128965
ma110404_rel_withdbg.cz11b_lwas4k_c32r128	300300	2325582	52875	40100	188867	133842	179596	137861	169518	131687
ma110502_rel_withdbg.cz11b_c32r128	295421	2352942	52528	46893	180008	128089	171761	126910	162387	117434
ma110502_rel_withdbg.cz11b_lwas4k_c32r128	295421	2352942	50899	41667	180664	129251	171252	124815	161273	119282
ma110601_rel_withdbg.cz11b_c32r128	288600	2409640	51414	45454	185669	124756	176751	129054	166453	120654
ma110601_rel_withdbg.cz11b_lwas4k_c32r128	288600	2197803	50157	41365	184973	127914	174280	125777	163977	119616
ma110602_rel_withdbg.cz11b_c32r128	298507	2083334	52727	44174	183183	122406	174270	127057	164499	120475
ma110602_rel_withdbg.cz11b_lwas4k_c32r128	298507	2325582	51530	39761	181772	122558	172251	125628	161392	120343
ma110602_rel_withdbg.cz11b_lwas4k_si_c32r128	297177	2777779	51373	39781	185658	121162	175326	124338	164460	119701
ma110602_rel_withdbg.cz11b_si_c32r128	297619	2325582	52892	43836	184749	129302	175613	129068	165202	118508
ma110700_rel_withdbg.cz11b_c32r128	298954	2325582	53174	45020	183434	126847	174724	127885	164808	118440
ma110700_rel_withdbg.cz11b_lwas4k_c32r128	297619	2197803	51805	40424	184566	122392	174758	124440	164015	119965
ma110701_rel_withdbg.cz11b_c32r128	295858	2469137	52614	43692	182785	123630	173879	128082	164259	118959
ma110701_rel_withdbg.cz11b_lwas4k_c32r128	296736	2439026	51772	39920	184368	130445	174527	125781	163429	118595
ma110701_rel_withdbg.cz11b_lwas4k_si_c32r128	296296	2597404	51646	39761	182937	124451	173111	124455	162478	117967
ma110701_rel_withdbg.cz11b_si_c32r128	296296	2325582	52971	44223	185876	126444	176383	129316	166002	121487
