ma100434_rel_withdbg.cz11a_c32r128	1976	1977	9879	9885	19769	19769
ma100527_rel_withdbg.cz11a_c32r128	1976	1977	9879	9885	19769	19780
ma100620_rel_withdbg.cz11a_c32r128	1977	1976	9879	9885	19769	19780
ma100620_rel_withdbg.cz11a_lwas4k_c32r128	1977	1977	9879	9885	19769	19769
ma101110_rel_withdbg.cz11a_c32r128	1977	1977	9879	9885	19769	19769
ma101110_rel_withdbg.cz11a_lwas4k_c32r128	1976	1977	9879	9885	19769	19769
ma110404_rel_withdbg.cz11b_c32r128	1977	1976	9885	9885	19769	19769
ma110404_rel_withdbg.cz11b_lwas4k_c32r128	1977	1977	9879	9885	19769	19769
ma110502_rel_withdbg.cz11b_c32r128	1976	1977	9879	9885	19769	19769
ma110502_rel_withdbg.cz11b_lwas4k_c32r128	1977	1976	9879	9885	19769	19769
ma110601_rel_withdbg.cz11b_c32r128	1977	1977	9885	9879	19769	19769
ma110601_rel_withdbg.cz11b_lwas4k_c32r128	1977	1976	9879	9885	19769	19769
ma110602_rel_withdbg.cz11b_c32r128	1976	1977	9879	9885	19769	19769
ma110602_rel_withdbg.cz11b_lwas4k_c32r128	1977	1976	9879	9885	19769	19780
ma110602_rel_withdbg.cz11b_lwas4k_si_c32r128	1977	1976	9879	9885	19769	19769
ma110602_rel_withdbg.cz11b_si_c32r128	1977	1977	9885	9879	19769	19769
ma110700_rel_withdbg.cz11b_c32r128	1976	1977	9885	9879	19769	19769
ma110700_rel_withdbg.cz11b_lwas4k_c32r128	1976	1977	9879	9885	19769	19769
ma110701_rel_withdbg.cz11b_c32r128	1977	1977	9879	9879	19769	19769
ma110701_rel_withdbg.cz11b_lwas4k_c32r128	1977	1976	9879	9885	19769	19769
ma110701_rel_withdbg.cz11b_lwas4k_si_c32r128	1977	1976	9879	9885	19769	19769
ma110701_rel_withdbg.cz11b_si_c32r128	1977	1977	9879	9879	19769	19769
