20m.my5649.cy8	120482	105789	40568	7350	7130	7487	7250	7241	7211
20m.my5735.cy8	109290	157031	36900	7134	7149	7108	7077	7059	7007
20m.my8020.cy8	76628	153435	27739	6331	6309	6254	6253	6246	6175
20m.my8022.cy8	77220	144604	28944	6239	6262	6227	6201	6143	6108
20m.my8023.cy8	78125	142553	29674	5509	5517	5455	5466	5415	5335
20m.my8026.cy8	76628	145652	31056	5262	5223	5238	5192	5155	5109
20m.my8027.cy8	76336	170339	30769	5377	5398	5361	5303	5331	5263
20m.pg124.cx5	101010	300000	37951	7648	7652	7636	7657	7698	7651
20m.pg134.cx5	106952	304545	39062	7628	7614	7607	7601	7728	7679
20m.pg140.cx5	101523	300000	37807	7576	7595	7573	7578	7590	7559
20m.fbmy5635.cx9a	102564	111050	41494	5066	5080	5039	5023	5028	4982
20m.fbmy8020.cx9a	74349	104145	34602	4552	4599	4578	4591	4537	4523
