pg153_o3_native_lto.cx7a_gcp_c2s30	1032258	2079221	152570	116289	111165	106051
pg153_o3_native_lto.cx7a1_gcp_c2s30	1025641	2223611	155885	117317	111758	108494
pg153_o3_native_lto.cx7a3_gcp_c2s30	993789	2223611	115816	114069	108054	104252
pg153_o3_native_lto.cx7a4_gcp_c2s30	1019108	2134667	152964	117815	113994	110837
pg153_o3_native_lto.cx7a7_gcp_c2s30	1032258	2389552	117578	116671	109604	101037
pg153_o3_native_lto.cx7a10_gcp_c2s30	1032258	2106579	150730	116194	110323	106918
pg153_o3_native_lto.cx7a12_gcp_c2s30	1038961	1976543	152352	116460	109880	104373
pg153_o3_native_lto.cx7a15_gcp_c2s30	1000000	2223611	135720	116272	109415	105096
pg153_o3_native_lto.cx7a16_gcp_c2s30	1006289	2079221	268141	116173	113005	110225
pg153_o3_native_lto.cx7a23_gcp_c2s30	1000000	2193151	243087	114857	109516	107793
pg153_o3_native_lto.cx7a24_gcp_c2s30	1000000	2193151	123134	114497	109200	106769
pg153_o3_native_lto.cx7a25_gcp_c2s30	981595	2425758	97632	115654	109109	105638
pg153_o3_native_lto.cx7a26_gcp_c2s30	1000000	2193151	230150	113439	108286	105756
pg153_o3_native_lto.cx7a27_gcp_c2s30	1012658	2320290	244200	114462	111191	109159
pg153_o3_native_lto.cx7a28_gcp_c2s30	993789	2320290	192031	114191	110447	108412
