pg1219_o2nofp.cx10a_c24r64	842105	1632655	213476	50601	101514	46664	98276	46480	95338	45972
pg1220_o2nofp.cx10a_c24r64	833333	1600002	214909	51282	101366	47063	99590	46752	96474	46184
pg1315_o2nofp.cx10a_c24r64	869565	1600002	217391	49020	101270	47118	99726	46637	96470	46039
pg1316_o2nofp.cx10a_c24r64	869565	1600002	214765	50569	101433	46635	98965	46525	96275	45994
pg1412_o2nofp.cx10a_c24r64	824742	1568629	226950	50251	103331	46700	100982	46365	98556	45958
pg1413_o2nofp.cx10a_c24r64	842105	1568629	222841	49875	103774	46727	99506	46234	98155	45855
pg157_o2nofp.cx10a_c24r64	860215	1632655	228245	51118	105202	46517	101632	46263	99144	45753
pg158_o2nofp.cx10a_c24r64	860215	1632655	222377	48662	101296	46493	100707	46098	98144	45597
pg163_o2nofp.cx10a_c24r64	851064	1632655	224561	50601	103286	45903	100988	45650	98392	44965
pg164_o2nofp.cx10a_c24r64	860215	1666669	226308	50794	104537	46075	102450	45804	99512	45344
pg17beta1_o2nofp.cx10a_c24r64	833333	1632655	234949	48280	105469	46066	103144	45754	102356	45196
pg17beta2_o2nofp.cx10a_c24r64	842105	1632655	235641	47847	105243	45949	102958	45735	102396	45381
pg17beta3_o2nofp.cx10a_c24r64	824742	1632655	232727	46647	105359	45962	103006	45527	102563	45044
