ma100244_rel_withdbg.cz11a_c24r64	626683	508189	5097	1252	56712	8295	53028	1538	35970	890
ma100339_rel_withdbg.cz11a_c24r64	502207	510469	3610	2098	56219	8027	52819	1538	33165	2893
ma100434_rel_withdbg.cz11a_c24r64	505929	509453	3551	2042	53623	7210	50394	1498	32355	2775
ma100525_rel_withdbg.cz11a_c24r64	396592	524053	4826	5540	56250	6495	48266	769	37284	855
ma100618_rel_withdbg.cz11a_c24r64	436116	492544	6541	10025	56563	6870	48742	3153	38554	1595
ma101108_rel_withdbg.cz11a_c24r64	353469	495164	6592	9615	55885	6894	48087	3207	39082	1625
ma1011_240723_c944cd6e_ilwas.cz11a_c24r64	329260	491599	7056	10512	56172	6954	49245	3254	40230	1604
ma110402_rel_withdbg.cz11b_c24r64	339861	493494	7491	8782	55694	6938	48034	3033	36776	1532
ma1104_240723_2ee061c2_ilwas.cz11b_c24r64	326115	493019	7837	10526	55787	6971	48487	3065	34443	1559
ma110501_rel_withdbg.cz11b_c24r64	327261	495164	7271	10652	53935	6939	46449	3059	33826	1542
ma1105_240723_2f4b0ba3_ilwas.cz11b_c24r64	327470	490892	7986	10025	54200	6933	47420	3050	37598	1555
ma110600_rel_withdbg.cz11b_c24r64	341447	490187	7744	9281	53845	6892	46301	3030	36114	1528
ma1106_240723_d8374262_ilwas.cz11b_c24r64	333116	492071	8026	9401	54365	6926	47013	3019	35014	1555
