ma100244_rel_withdbg.cz11a_c24r64	796	796	3978	3980	6481	4810
ma100339_rel_withdbg.cz11a_c24r64	796	796	3978	3980	6507	1926
ma100434_rel_withdbg.cz11a_c24r64	796	796	3978	3980	6377	1944
ma100525_rel_withdbg.cz11a_c24r64	796	796	3943	3976	4182	2731
ma100618_rel_withdbg.cz11a_c24r64	796	796	3978	3978	7943	6475
ma101108_rel_withdbg.cz11a_c24r64	796	796	3978	3978	7947	6423
ma1011_240723_c944cd6e_ilwas.cz11a_c24r64	796	796	3978	3980	7947	6428
ma110402_rel_withdbg.cz11b_c24r64	796	796	3978	3978	7934	6355
ma1104_240723_2ee061c2_ilwas.cz11b_c24r64	796	796	3978	3980	7938	6288
ma110501_rel_withdbg.cz11b_c24r64	796	796	3978	3978	7943	6321
ma1105_240723_2f4b0ba3_ilwas.cz11b_c24r64	796	796	3978	3980	7934	6294
ma110600_rel_withdbg.cz11b_c24r64	796	796	3978	3978	7934	6358
ma1106_240723_d8374262_ilwas.cz11b_c24r64	796	796	3978	3978	7938	6302
