pg152_o2_nofp.cx8_bee	72641	199079	1518	7838	8029	7799
pg153_o2_nofp.cx8_bee	73006	199676	2215	7950	7879	7952
pg152_o2_nofp.cx8a1_bee	73536	193870	1559	7886	7898	7801
pg153_o2_nofp.cx8a1_bee	72641	194624	786	7741	7975	7687
pg152_o2_nofp.cx8a10_bee	73327	198536	2033	7829	7892	7790
pg153_o2_nofp.cx8a10_bee	72813	198536	1841	7991	7838	7764
pg152_o2_nofp.cx8a12_bee	73509	198783	1266	8021	7919	7796
pg153_o2_nofp.cx8a12_bee	73240	199825	689	7916	7885	7587
pg152_o2_nofp.cx8a15_bee	72320	198388	726	7903	7862	7745
pg153_o2_nofp.cx8a15_bee	71846	199875	750	7850	7798	7737
pg152_o2_nofp.cx8a16_bee	72886	197800	1738	7861	7910	7741
pg153_o2_nofp.cx8a16_bee	72124	200275	1591	7903	8116	7781
pg152_o2_nofp.cx8a24_bee	73361	200175	1928	7840	7834	7753
pg153_o2_nofp.cx8a24_bee	72294	199476	2242	7914	7824	7751
pg152_o2_nofp.cx8a25_bee	73173	198733	602	7658	7600	7403
pg153_o2_nofp.cx8a25_bee	73307	199278	2101	7780	7704	7466
