fbmy5635_rel_202104072149.cza1_gcp_c2s30	613027	824743	92727	40984	26131	31821	22371	28655	22958	27352
fbmy5635_rel_202203072101.cza1_gcp_c2s30	610687	833334	90729	40630	27589	31119	22833	28150	21545	26903
fbmy5635_rel_202205192101.cza1_gcp_c2s30	592592	833334	89736	40120	25012	30841	21651	28269	21353	26799
fbmy5635_rel_202208092101.cza1_gcp_c2s30	599251	837697	89236	39742	28022	30969	23124	28013	22083	26884
fbmy5635_rel_202210112144.cza1_gcp_c2s30	592592	829016	89360	40241	24682	30692	21024	28021	21472	26578
fbmy5635_rel_202302162102.cza1_gcp_c2s30	634921	808081	90909	42105	26615	32294	23746	30703	21957	28549
fbmy5635_rel_202304122154.cza1_gcp_c2s30	622568	804021	89963	41237	22538	31568	23515	30058	21351	27974
fbmy5635_rel_202305292102.cza1_gcp_c2s30	625000	812183	90090	41089	25205	31438	22802	29792	20747	27848
fbmy5635_rel_20230529_832.cza1_gcp_c2s30	620155	800000	90319	41131	25656	31680	22364	29966	21072	27990
fbmy5635_rel_20230529_843.cza1_gcp_c2s30	617761	804021	89812	40984	23029	31014	22616	29429	21702	27535
fbmy5635_rel_20230529_850.cza1_gcp_c2s30	627451	804021	90293	41322	21616	31151	19782	29704	21741	27677
fbmy5635_rel_221222.cza1_gcp_c2s30	622568	800000	90370	41216	23293	31148	22313	29668	20198	27849
fbmy8028_rel_221222.cza1_gcp_c2s30	536913	758294	89536	41195	24414	35102	22244	33340	23151	31341
fbmy8028_rel_221222.cza1ps0_gcp_c2s30	547945	769231	89661	41841	27729	36801	23478	34899	22420	32535
fbmy8032_rel_221222.cza1_gcp_c2s30	514469	776700	88033	39960	24778	33476	23576	31868	23008	29824
fbmy8032_rel_221222.cza1ps0_gcp_c2s30	531561	784314	88766	41110	27605	35981	24829	34367	24778	32212
