fbmy5635_rel_202104072149.cza1_bee	82418	89552	27435	9652	1908	2721	1555	2664	908	2555
fbmy5635_rel_202203072101.cza1_bee	80862	89821	27064	9709	1875	2686	1561	2624	1109	2524
fbmy5635_rel_202205192101.cza1_bee	80000	88758	26525	9488	1411	2692	1164	2558	888	2498
fbmy5635_rel_202208092101.cza1_bee	79787	88496	26543	9662	1996	2682	1515	2584	972	2548
fbmy5635_rel_202210112144.cza1_bee	79365	88496	26543	9533	1663	2658	1322	2545	823	2488
fbmy5635_rel_202302162102.cza1_bee	78534	87977	26195	9470	1296	2710	1329	2675	1578	2661
fbmy5635_rel_202304122154.cza1_bee	78740	89021	26144	9728	1918	2677	1463	2677	1528	2656
fbmy5635_rel_202305292102.cza1_bee	78534	89552	25856	9775	1845	2770	1416	2680	1543	2630
fbmy5635_rel_20230529_832.cza1_bee	78534	88496	25592	9407	1472	2733	1766	2663	1586	2676
fbmy5635_rel_20230529_843.cza1_bee	78947	87977	26756	9497	1342	2646	1517	2687	1554	2668
fbmy5635_rel_20230529_850.cza1_bee	78329	87977	26667	9443	1428	2696	1486	2656	1477	2632
fbmy5635_rel_221222.cza1_bee	79156	87720	27045	9671	1525	2650	1338	2666	1479	2638
fbmy5635_rel_clang14_221222.cza1_bee	75188	77320	26846	9881	1770	2791	1831	2800	1465	2752
fbmy5635_rel_clang15_221222.cza1_bee	77320	77720	27192	9911	1526	2824	1520	2822	1752	2829
fbmy8028_rel_221222.cza1_bee	57803	77922	22612	7837	1314	2450	1681	2418	1505	2414
fbmy8028_rel_221222.cza1ps0_bee	60120	79576	23310	8244	1185	2395	1743	2373	1477	2333
fbmy8028_rel_clang14_221222.cza1_bee	58480	71429	23337	8285	1151	2454	1575	2453	1519	2356
fbmy8028_rel_clang15_221222.cza1_bee	58366	71943	23392	8264	1106	2495	1760	2410	1469	2460
fbmy8032_rel_221222.cza1_bee	53957	77320	21954	7669	1562	2394	1746	2374	1333	2354
fbmy8032_rel_221222.cza1ps0_bee	56926	79156	22779	8091	1748	2384	1601	2368	1410	2338
fbmy8032_rel_clang14_221222.cza1_bee	54054	71259	22321	7974	1870	2338	1382	2396	1369	2361
fbmy8032_rel_clang15_221222.cza1_bee	55350	71943	22740	7962	1671	2438	1250	2422	1299	2372
