fbmy5635_rel_202104072149.cza1_bee	82645	90498	27720	9940	2311	2804	2863	2664	2732	2624
fbmy5635_rel_202203072101.cza1_bee	81301	90498	27304	9737	2570	2721	2819	2667	2673	2571
fbmy5635_rel_202205192101.cza1_bee	79051	89286	26720	9699	1621	2710	2777	2646	2634	2624
fbmy5635_rel_202208092101.cza1_bee	79681	89286	26846	9690	1704	2681	2755	2633	2618	2569
fbmy5635_rel_202210112144.cza1_bee	80000	89286	26954	9515	1465	2670	2758	2651	2598	2576
fbmy5635_rel_202302162102.cza1_bee	79051	88889	26846	9643	1673	2687	1503	2685	1441	2658
fbmy5635_rel_202304122154.cza1_bee	79365	88889	26738	9699	1741	2688	1617	2657	1306	2634
fbmy5635_rel_202305292102.cza1_bee	77220	89686	26472	9775	1665	2697	1404	2654	1594	2642
fbmy5635_rel_20230529_832.cza1_bee	78125	89286	26144	9560	1518	2696	1309	2672	1612	2628
fbmy5635_rel_20230529_843.cza1_bee	79051	88106	26972	9588	1545	2671	1804	2677	1543	2640
fbmy5635_rel_20230529_850.cza1_bee	76923	88496	26972	9597	1244	2682	1624	2650	1699	2644
fbmy5635_rel_221222.cza1_bee	79681	87720	27211	9497	1370	2678	1511	2637	1384	2608
fbmy8028_rel_221222.cza1_bee	57803	78432	22896	7968	1704	2480	1498	2393	1212	2358
fbmy8032_rel_221222.cza1_bee	54945	77821	22309	7752	1363	2360	1362	2305	1406	2334
