fbmy5635_202203072101.cy9c5_u	633279	1447888	67839	85825	81396	74690
fbmy5635_202205192101.cy9c5_u	611839	1410615	64918	82795	78354	71104
fbmy5635_202208092101.cy9c5_u	605999	1415440	64260	82368	77883	70878
fbmy5635_202210112144.cy9c5_u	604108	1409455	64144	82498	77681	70968
fbmy5635_202302162102.cy9c5_u	635526	1396985	57895	81526	76543	69227
fbmy5635_202304122154.cy9c5_u	634753	1392608	58002	82130	76638	69574
fbmy5635_202305292102.cy9c5_u	633012	1412441	57898	82115	77186	69814
fbmy5635_20230529_832.cy9c5_u	640205	1402536	58477	80494	75309	68239
fbmy5635_20230529_843.cy9c5_u	633513	1398776	58244	78885	74008	66478
fbmy5635_20230529_850.cy9c5_u	636638	1387616	58204	78975	74317	67062
