my8013_rel.cy10a22_gcp_c2s30	496894	1151798	94173	63159	61622	59775
my8014_rel.cy10a22_gcp_c2s30	495356	1143571	94607	64683	63002	61265
my8015_rel.cy10a22_gcp_c2s30	496894	1151798	100616	64122	62576	60996
my8016_rel.cy10a22_gcp_c2s30	723982	1194776	100946	64262	62572	60761
my8017_rel.cy10a22_gcp_c2s30	727273	1194776	100490	62805	61396	59652
my8018_rel.cy10a22_gcp_c2s30	723982	335639	101138	63478	62175	60465
my8019_rel.cy10a22_gcp_c2s30	698690	326069	101266	63284	61881	60261
my8020_rel.cy10a22_gcp_c2s30	714286	280385	99776	61667	60346	58776
my8021_rel.cy10a22_gcp_c2s30	704846	293223	106980	62144	60716	59134
my8022_rel.cy10a22_gcp_c2s30	707965	293223	108357	60520	59493	57894
my8023_rel.cy10a22_gcp_c2s30	704846	317030	107152	56804	55506	54098
my8024_rel.cy10a22_gcp_c2s30	714286	297584	107224	56251	55077	53575
my8025_rel.cy10a22_gcp_c2s30	714286	297584	107152	56002	54895	53473
my8026_rel.cy10a22_gcp_c2s30	717489	299813	111810	56290	55268	53782
my8027_rel.cy10a22_gcp_c2s30	723982	930814	111358	55296	54338	53020
my8028_rel.cy10a22_gcp_c2s30	720721	889444	111142	58837	57734	56250
my8030_rel.cy10a22_gcp_c2s30	689655	851596	101833	54464	53378	51782
my8031_rel.cy10a22_gcp_c2s30	692641	851596	101510	53958	52878	51315
my8032_rel.cy10a22_gcp_c2s30	661157	847090	100226	52978	51914	50393
my8033_rel.cy10a22_gcp_c2s30	661157	842632	99763	53213	52194	50637
my8034_rel.cy10a22_gcp_c2s30	663900	856150	104126	54755	53796	52025
my8035_rel.cy10a22_gcp_c2s30	669456	856150	104126	64764	63666	61613
