my8013_rel.cy10a22_gcp_c2s30	796	3978	7960
my8014_rel.cy10a22_gcp_c2s30	796	3978	7965
my8015_rel.cy10a22_gcp_c2s30	796	3978	7960
my8016_rel.cy10a22_gcp_c2s30	796	3978	7960
my8017_rel.cy10a22_gcp_c2s30	796	3980	7965
my8018_rel.cy10a22_gcp_c2s30	796	3978	7960
my8019_rel.cy10a22_gcp_c2s30	796	3978	7960
my8020_rel.cy10a22_gcp_c2s30	796	3978	7960
my8021_rel.cy10a22_gcp_c2s30	796	3978	7960
my8022_rel.cy10a22_gcp_c2s30	796	3978	7960
my8023_rel.cy10a22_gcp_c2s30	796	3978	7960
my8024_rel.cy10a22_gcp_c2s30	796	3978	7960
my8025_rel.cy10a22_gcp_c2s30	796	3978	7960
my8026_rel.cy10a22_gcp_c2s30	796	3978	7960
my8027_rel.cy10a22_gcp_c2s30	796	3978	7960
my8028_rel.cy10a22_gcp_c2s30	796	3978	7960
my8030_rel.cy10a22_gcp_c2s30	796	3978	7960
my8031_rel.cy10a22_gcp_c2s30	796	3978	7960
my8032_rel.cy10a22_gcp_c2s30	796	3978	7960
my8033_rel.cy10a22_gcp_c2s30	796	3978	7960
my8034_rel.cy10a22_gcp_c2s30	796	3978	7960
my8035_rel.cy10a22_gcp_c2s30	796	3978	7960
