pg9023_def.cx9a2_bee	60606	128756	6523	2016	7470	3151	6731	3128	6701	3427
pg9124_def.cx9a2_bee	60852	129870	7129	2086	7776	3112	6954	3105	7100	3456
pg9224_def.cx9a2_bee	59055	132744	7287	1771	8310	3575	7468	3601	7629	3649
pg9325_def.cx9a2_bee	60976	132159	7478	2337	8333	3537	7257	3513	7313	3503
pg9426_def.cx9a2_bee	65502	121458	7679	2288	8463	3554	7250	3560	7346	3553
pg9525_def.cx9a2_bee	66667	140187	10855	1240	8529	3599	7322	3561	7186	3592
pg9624_def.cx9a2_bee	63694	194806	10532	2227	8226	3519	7436	3512	7286	3554
pg1023_def.cx9a2_bee	63830	223881	9009	1737	8509	3500	7467	3527	7433	3518
pg1122_def.cx9a2_bee	73892	218979	11703	2318	8813	3484	7659	3492	7571	3514
pg1217_def.cx9a2_bee	72115	223881	21322	2432	8815	3483	7917	3495	7991	3523
pg1313_def.cx9a2_bee	74442	214286	16667	2554	8740	3448	8078	3478	8051	3485
pg1410_def.cx9a2_bee	72464	215828	18859	4733	8666	3492	7912	3498	8119	3505
pg155_def.cx9a2_bee	75377	222223	20758	3929	8990	3430	8309	3457	8108	3465
pg161_def.cx9a2_bee	74627	232559	18365	5426	8958	3455	8337	3419	8388	3441
