ma100244_rel.cz11a_bee	95541	155441	16454	10111	4128	4106	4184	4231	4232	4350
ma100339_rel.cz11a_bee	83565	150000	16320	10194	3970	3970	4062	4055	4182	4093
ma100433_rel.cz11a_bee	83102	152285	16522	10040	3713	3764	3757	3805	3814	3920
ma100433_rel.cz11a1_bee	82873	153062	15835	10040	3681	3763	3785	3801	3776	3928
ma100524_rel.cz11a_bee	76726	132744	21345	11947	3607	3801	3650	4015	3619	4107
ma100524_rel.cz11a1_bee	77320	132744	21954	12106	3553	3884	3554	3974	3636	4062
ma100617_rel.cz11a_bee	81081	131005	19286	11186	3613	3698	3573	3813	3580	3727
ma100617_rel.cz11a1_bee	82192	131579	18198	11038	3630	3626	3608	3866	3555	3779
ma101107_rel.cz11a_bee	83799	130435	19066	11136	3565	3729	3516	3818	3574	3824
ma101107_rel.cz11a1_bee	83565	129870	18459	11111	3529	3752	3550	3751	3536	3756
ma101107_rel.cz11b_bee	83565	130435	17730	10941	3670	3588	3621	3791	3578	3768
ma101107_rel.cz11c_bee	84270	130435	17219	10799	3599	3644	3568	3724	3554	3919
ma101107_rel.cz11d_bee	83799	130435	19175	11198	3614	3720	3580	3802	3597	3807
ma101107_rel.cz11d1_bee	83565	129870	18391	11074	3663	3728	3628	3817	3589	3805
ma110401_rel.cz11b_bee	82192	128206	17770	10799	3667	3728	3593	3835	3618	3836
ma110401_rel.cz11b1_bee	82645	128756	15094	10214	3633	3674	3559	3765	3552	3784
ma110401_rel.cz11c_bee	83102	128206	17264	10707	3642	3597	3622	3849	3645	3836
my5651_rel.cz11a_bee	99668	109489	15804	11792	5784	4595	5873	4738	5935	4679
my5744_rel.cz11a_bee	83565	146342	18484	10493	4224	3756	4229	3751	4241	3753
my8036_rel.cz11a_bee	56604	136987	16835	8643	3642	2842	3674	2838	3723	2885
my8036_rel.cz11b_bee	56818	30832	13642	7027	3532	2876	3634	2823	3701	2942
my8036_rel.cz11c_bee	56180	21614	14909	7770	3580	2837	3558	2908	3677	2938
my8036_rel.cz11d_bee	57034	137615	16906	8650	3604	2808	3575	2830	3598	2867
pg162_def.cx9a2_bee	74442	229008	9337	1138	8805	3478	8368	3464	8189	3486
