ma100244_rel.cz11a_bee	100	100	499	499	998	998
ma100339_rel.cz11a_bee	100	100	499	499	998	998
ma100433_rel.cz11a_bee	100	100	499	499	998	998
ma100433_rel.cz11a1_bee	100	100	499	499	998	998
ma100524_rel.cz11a_bee	100	100	499	499	998	998
ma100524_rel.cz11a1_bee	100	100	499	499	998	998
ma100617_rel.cz11a_bee	100	100	499	499	998	998
ma100617_rel.cz11a1_bee	100	100	499	499	998	998
ma101107_rel.cz11a_bee	100	100	499	499	998	998
ma101107_rel.cz11a1_bee	100	100	499	499	998	998
ma101107_rel.cz11b_bee	100	100	499	499	998	998
ma101107_rel.cz11c_bee	100	100	499	499	998	998
ma101107_rel.cz11d_bee	100	100	499	499	998	998
ma101107_rel.cz11d1_bee	100	100	499	499	998	998
ma110401_rel.cz11b_bee	100	100	499	499	998	998
ma110401_rel.cz11b1_bee	100	100	499	499	998	998
ma110401_rel.cz11c_bee	100	100	499	499	998	998
my5651_rel.cz11a_bee	100	100	499	499	998	998
my5744_rel.cz11a_bee	100	100	499	499	998	998
my8036_rel.cz11a_bee	100	100	499	499	998	998
my8036_rel.cz11b_bee	100	100	499	499	998	998
my8036_rel.cz11c_bee	100	100	499	499	998	998
my8036_rel.cz11d_bee	100	100	499	499	998	998
pg162_def.cx9a2_bee	100	100	499	499	998	998
