pg9023_def.cx9a2_bee	60000	128756	6482	2082	7635	3161	6720	3138	6871	3461
pg9124_def.cx9a2_bee	61350	129311	7493	1881	7834	3124	6953	3123	7269	3440
pg9224_def.cx9a2_bee	58824	133334	7356	1741	8333	3600	7427	3638	7609	3617
pg9325_def.cx9a2_bee	60606	132159	7432	2290	8274	3530	7192	3543	7129	3514
pg9426_def.cx9a2_bee	65934	121952	7550	2260	8417	3602	7189	3580	7217	3551
pg9525_def.cx9a2_bee	66964	140187	10317	2010	8301	3570	7314	3606	7218	3648
pg9624_def.cx9a2_bee	64795	196079	18157	1976	8485	3517	7265	3527	7380	3570
pg1023_def.cx9a2_bee	63830	225565	18904	3327	8465	3464	7479	3496	7360	3513
pg1119_def.cx9a2_bee	74074	223881	11451	1778	8976	3541	7590	3550	7683	3540
pg1122_def.cx9a2_bee	74257	215828	11471	2344	9209	3529	7659	3546	7736	3557
pg1217_def.cx9a2_bee	72115	220589	18174	2819	8705	3522	8284	3571	8262	3525
pg1310_def.cx9a2_bee	74627	214286	18536	6281	8787	3520	8182	3520	8184	3523
pg1313_def.cx9a2_bee	74074	212767	15943	3594	8823	3513	8171	3494	8111	3510
pg1410_def.cx9a2_bee	72639	214286	19038	5893	8462	3441	8223	3493	8241	3496
pg155_def.cx9a2_bee	75188	223881	21894	5176	8434	3474	8303	3488	8236	3494
pg161_def.cx9a2_bee	74813	232559	21563	5882	8918	3433	8195	3441	8347	3461
