my8033_rel_native_lto.cy10_u	947343	1397798	24927	15422	16425	14394
my8033_rel_native_lto.cy10_ua1	927787	1301388	14840	15361	15834	12638
my8033_rel_native_lto.cy10_ua2	947568	1413939	25812	15694	16443	14258
my8033_rel_native_lto.cy10_ua3	944807	1413106	26649	15476	16324	14102
my8033_rel_native_lto.cy10_ua4	942137	1297589	17136	10113	11576	7437
my8033_rel_native_lto.cy10_ua5	942211	1329946	18127	17247	12917	8635
my8033_rel_native_lto.cy10_ua6	946671	1484977	25718	15171	16285	13901
my8033_rel_native_lto.cy10_ua7	944436	1361327	25429	15355	16478	14141
my8033_rel_native_lto.cy10_ua8	945105	1382500	26059	15245	16361	14521
my8033_rel_native_lto.cy10_ua9	944287	1272680	25559	15284	16289	14186
my8033_rel_native_lto.cy10_ua10	943544	1382978	25768	15799	17143	15091
my8033_rel_native_lto.cy10_ua11	940808	1422150	24565	15135	15892	13457
my8033_rel_native_lto.cy10_ua12	944064	1429604	25575	15160	16107	13625
my8033_rel_native_lto.cy10_ua13	947044	1419290	9412	23074	16429	16326
my8033_rel_native_lto.cy10_ua14	945180	1343947	22422	17264	14177	11511
my8033_rel_native_lto.cy10_ua15	947269	1484610	26678	15323	16422	14450
my8033_rel_native_lto.cy10_ua16	941915	1356250	23995	14840	16522	14330
my8033_rel_native_lto.cy10_ua17	937940	1612917	29681	17267	19309	16655
my8033_rel_native_lto.cy10_ua18	931822	1138097	32232	16869	18390	15034
my8033_rel_native_lto.cy10_ua19	939482	1462179	25940	15124	16310	14043
my8033_rel_native_lto.cy10_ua20	945105	1392446	9224	20497	15696	16192
my8033_rel_native_lto.cy10_ua21	946148	1353955	10614	17416	15000	16151
