ma100244_rel.cz11a_bee	285714	603775	43278	19990	18411	20957	17799	19513	17320	18897
ma100339_rel.cz11a_bee	219178	561405	48106	20090	17720	19830	17258	18796	16575	18093
ma100433_rel.cz11a_bee	219178	592594	47591	19920	16424	18731	16258	18135	15744	17476
ma100524_rel.cz11a_bee	230216	516131	51184	22522	15786	18452	15725	18167	15412	17035
ma100617_rel.cz11a_bee	248062	470590	51249	24891	16040	19524	16238	19138	15971	18966
ma101107_rel.cz11a_bee	251968	421054	48558	22222	16259	19804	16269	19191	15856	18791
ma101107_rel.cz11b_bee	197531	463770	40879	21918	16028	18924	16138	19189	15676	18808
ma101107_rel.cz11c_bee	172973	470590	38750	19465	15989	19178	16099	19213	15638	18826
ma101107_rel.cz11d_bee	251968	463770	48324	22112	16092	19075	16294	19208	15793	18780
ma110401_rel.cz11b_bee	250000	421054	42941	21751	16142	19489	16469	19158	15856	18863
ma110401_rel.cz11c_bee	206452	415586	38647	19812	15965	18185	16356	19168	15816	18778
my5651_rel.cz11a_bee	313725	278262	32720	16577	25385	23759	25032	22473	24346	22694
my5744_rel.cz11a_bee	262295	561405	43396	19455	20161	19410	20016	19275	19462	18429
my8036_rel.cz11a_bee	189349	421054	25429	12001	17519	15251	17092	15105	16872	14562
my8036_rel.cz11b_bee	182857	58608	20377	11419	17494	15441	17524	14684	17422	13780
my8036_rel.cz11c_bee	184971	34115	14981	11096	18224	15200	17884	14462	17538	13360
my8036_rel.cz11d_bee	189349	400001	25584	12023	17496	15584	17152	15134	16875	14476
pg162_def.cx9a2_bee	251968	761907	69055	11047	47802	18923	44971	18423	42631	18015
