ma100244_rel.cz11a_bee	399	399	1994	1994	3989	3989
ma100339_rel.cz11a_bee	399	399	1994	1994	3987	3987
ma100433_rel.cz11a_bee	399	399	1994	1994	3989	3989
ma100524_rel.cz11a_bee	399	399	1993	1994	3989	3989
ma100617_rel.cz11a_bee	399	399	1994	1994	3989	3989
ma101107_rel.cz11a_bee	399	399	1993	1994	3989	3989
ma101107_rel.cz11b_bee	399	399	1994	1993	3989	3989
ma101107_rel.cz11c_bee	399	399	1993	1994	3989	3989
ma101107_rel.cz11d_bee	399	399	1994	1994	3989	3989
ma110401_rel.cz11b_bee	399	399	1993	1994	3989	3989
ma110401_rel.cz11c_bee	399	399	1994	1994	3989	3989
my5651_rel.cz11a_bee	399	399	1993	1994	3989	3987
my5744_rel.cz11a_bee	399	399	1994	1994	3989	3989
my8036_rel.cz11a_bee	399	399	1993	1993	3989	3989
my8036_rel.cz11b_bee	399	399	1994	1994	3987	3989
my8036_rel.cz11c_bee	399	399	1994	1994	3989	3989
my8036_rel.cz11d_bee	399	399	1994	1994	3989	3989
pg162_def.cx9a2_bee	399	399	1994	1993	3989	3989
