fbmy5635_202210112144.cy9c_u	528053	1399708	66489	103425	95203	82775
fbmy5635_20221011_732.cy9c_u	525739	1416224	66570	104723	95679	83012
fbmy5635_20221011_743.cy9c_u	521739	1420414	66442	103509	95188	83063
fbmy5635_20221011_745.cy9c_u	518919	1424629	66548	104352	95228	82392
fbmy5635_20221011_750.cy9c_u	488301	1433134	61923	101898	93301	82742
fbmy5635_20221011_751.cy9c_u	478088	1412059	58480	103140	94933	83284
fbmy5635_20221011_752.cy9c_u	493827	1424629	55889	103723	94953	83138
fbmy5635_20221011_753.cy9c_u	516685	1437425	62896	101768	93101	82446
fbmy5635_20221011_754.cy9c_u	512820	1412059	62565	101631	93076	82675
fbmy5635_20221011_760.cy9c_u	510096	1412059	61706	101426	92455	82492
fbmy5635_20221011_778.cy9c_u	525164	1391594	62160	101434	92498	82796
fbmy5635_20221011_783.cy9c_u	533333	1412059	62150	100747	92982	81418
fbmy5635_20221011_793.cy9c_u	525164	1399708	59841	101096	92264	81175
fbmy5635_20221011_7102.cy9c_u	548571	1391594	59046	100611	90876	80798
