fbmy5635_202210112144.cy9c_u	2381	11907	23828
fbmy5635_20221011_732.cy9c_u	2381	11907	23828
fbmy5635_20221011_743.cy9c_u	2381	11907	23828
fbmy5635_20221011_745.cy9c_u	2382	11907	23828
fbmy5635_20221011_750.cy9c_u	2381	11907	23828
fbmy5635_20221011_751.cy9c_u	2381	11904	23828
fbmy5635_20221011_752.cy9c_u	2381	11907	23828
fbmy5635_20221011_753.cy9c_u	2381	11907	23821
fbmy5635_20221011_754.cy9c_u	2381	11907	23828
fbmy5635_20221011_760.cy9c_u	2381	11907	23828
fbmy5635_20221011_778.cy9c_u	2381	11907	23821
fbmy5635_20221011_783.cy9c_u	2381	11907	23828
fbmy5635_20221011_793.cy9c_u	2382	11907	23828
fbmy5635_20221011_7102.cy9c_u	2381	11907	23834
