pg1222_o2nofp.cx10a_c24r64	645161	1403510	153661	27421	103300	54744	100334	54202	99558	53451
pg1322_o2nofp.cx10a_c24r64	666667	1355934	157442	27972	104062	55587	100681	54962	99884	54423
pg1419_o2nofp.cx10a_c24r64	634921	1333335	169088	29385	104719	55336	101382	54752	100732	54014
pg1514_o2nofp.cx10a_c24r64	661157	1379312	156479	24169	104739	55221	101529	54802	100774	54168
pg1515_o2nofp.cx10a_c24r64	661157	1428573	166018	28881	104744	55810	101573	55166	100635	54713
pg1610_o2nofp.cx10a_c24r64	661157	1403510	161412	25397	105117	55913	101914	55109	100989	54568
pg1611_o2nofp.cx10a_c24r64	661157	1379312	159800	26913	105607	55928	102482	55184	101642	54513
pg176_o2nofp.cx10a_c24r64	661157	1428573	163474	26644	106219	55948	102982	55258	101551	54462
pg177_o2nofp.cx10a_c24r64	655738	1379312	164313	27119	105289	55909	101930	55242	101118	54625
pg180_o2nofp.cx10b_c24r64	650406	1428573	162025	25356	104985	55605	101610	54952	100914	54274
pg180_o2nofp.cx10c_c24r64	645161	1428573	162231	24446	104288	55395	101446	54998	100470	54234
pg180_o2nofp.cx10d_c24r64	645161	1403510	161412	25911	104920	55506	101503	54812	100316	54150
pg181_o2nofp.cx10b_c24r64	655738	1403510	162643	26468	103714	55134	100668	54378	99674	53849
pg181_o2nofp.cx10d_c24r64	655738	1403510	162436	25157	103387	55028	100452	54427	98992	53761
