pg9023_def.cx9a2_c24r64	375587	1904762	17979	21978	122454	54245	109445	51242	99249	43399
pg9124_def.cx9a2_c24r64	357143	1939394	18214	20350	123496	56446	112741	53728	100307	49986
pg9224_def.cx9a2_c24r64	372526	1939394	23279	24806	149233	68267	137099	59127	139632	50829
pg9325_def.cx9a2_c24r64	361991	1807910	27275	24521	152422	64479	126104	54290	119657	47461
pg9426_def.cx9a2_c24r64	941176	1608041	76555	20612	147055	64069	129596	51765	111138	45047
pg9525_def.cx9a2_c24r64	1015873	1545894	125922	45390	148201	69846	141184	67157	140643	61270
pg9624_def.cx9a2_c24r64	1028939	1693122	126295	25817	147532	69214	140542	67067	139258	62821
pg1023_def.cx9a2_c24r64	1088435	1777778	128708	34707	146673	68512	139883	65904	140994	61283
pg1122_def.cx9a2_c24r64	1185185	2012579	165161	35242	151179	68711	141962	66040	143886	62572
pg1217_def.cx9a2_c24r64	1163636	1975309	166342	45230	151136	68826	145811	66650	145306	63467
pg1313_def.cx9a2_c24r64	1159420	2064517	176430	43185	150114	69169	143653	66816	145982	63910
pg1410_def.cx9a2_c24r64	1130742	1987578	187271	53827	150051	68815	145424	66944	147563	63910
pg155_def.cx9a2_c24r64	1155235	2000001	182206	44168	148684	68521	145357	66410	146510	63398
pg161_def.cx9a2_c24r64	1172161	2222223	187271	47128	151186	67724	146514	65903	148211	63150
