pg9023_def.cx9a2_c24r64	1584	1585	7925	7925	15459	15695
pg9124_def.cx9a2_c24r64	1585	1585	7925	7925	15451	15627
pg9224_def.cx9a2_c24r64	1585	1585	7925	7921	15618	15509
pg9325_def.cx9a2_c24r64	1584	1584	7925	7921	15500	15442
pg9426_def.cx9a2_c24r64	1584	1585	7921	7921	15686	15678
pg9525_def.cx9a2_c24r64	1584	1585	7925	7925	15850	15738
pg9624_def.cx9a2_c24r64	1584	1585	7925	7925	15842	15842
pg1023_def.cx9a2_c24r64	1585	1585	7921	7925	15850	15850
pg1122_def.cx9a2_c24r64	1585	1584	7921	7921	15850	15850
pg1217_def.cx9a2_c24r64	1584	1585	7925	7925	15850	15842
pg1313_def.cx9a2_c24r64	1584	1585	7925	7925	15850	15850
pg1410_def.cx9a2_c24r64	1584	1585	7925	7925	15850	15850
pg155_def.cx9a2_c24r64	1584	1585	7925	7925	15850	15850
pg161_def.cx9a2_c24r64	1584	1585	7921	7925	15850	15850
