pg1222_o2nofp.cx10a_c8r32	141509	340910	20418	2572	14702	8524	13901	8516	13893	8450
pg1322_o2nofp.cx10a_c8r32	144231	337080	20964	2642	14818	8515	13899	8454	13861	8458
pg1323_o2nofp.cx10a_c8r32	143541	333334	20439	2634	14977	8504	14082	8453	14007	8429
pg1419_o2nofp.cx10a_c8r32	140187	329671	19782	2511	14855	8392	13949	8397	13946	8396
pg1420_o2nofp.cx10a_c8r32	138889	322582	20070	2372	14884	8429	13950	8382	13942	8379
pg1514_o2nofp.cx10a_c8r32	144231	357144	20202	2384	15045	8493	14136	8459	14100	8488
pg1515_o2nofp.cx10a_c8r32	144928	361447	20964	2525	14897	8467	13905	8483	14006	8424
pg1610_o2nofp.cx10a_c8r32	142180	357144	19484	2431	14971	8545	14172	8433	14239	8444
pg1611_o2nofp.cx10a_c8r32	144231	370372	20682	2627	14912	8521	14133	8482	13998	8430
pg176_o2nofp.cx10a_c8r32	142857	375001	18010	2244	15080	8405	13821	8361	13880	8332
pg177_o2nofp.cx10a_c8r32	141509	379748	18683	2172	15118	8465	13946	8413	13996	8393
pg180_o2nofp.cx10b_c8r32	141509	375001	19157	2369	14902	8378	13898	8349	13842	8340
pg180_o2nofp.cx10c_c8r32	142180	379748	18930	2220	14824	8360	13861	8359	13774	8306
pg180_o2nofp.cx10d_c8r32	142180	379748	19222	2320	14874	8422	13810	8373	13963	8389
pg181_o2nofp.cx10b_c8r32	142180	357144	20471	2432	14736	8391	13609	8369	13673	8340
