pg1222_o2nofp.cx10a_c8r32	100	100	500	500	1000	1000
pg1322_o2nofp.cx10a_c8r32	100	100	500	500	1000	1000
pg1323_o2nofp.cx10a_c8r32	100	100	500	500	999	999
pg1419_o2nofp.cx10a_c8r32	100	100	500	500	1000	1000
pg1420_o2nofp.cx10a_c8r32	100	100	500	500	1000	1000
pg1514_o2nofp.cx10a_c8r32	100	100	500	500	999	1000
pg1515_o2nofp.cx10a_c8r32	100	100	500	500	999	999
pg1610_o2nofp.cx10a_c8r32	100	100	500	500	999	999
pg1611_o2nofp.cx10a_c8r32	100	100	500	500	1000	1000
pg176_o2nofp.cx10a_c8r32	100	100	500	500	999	999
pg177_o2nofp.cx10a_c8r32	100	100	500	500	999	999
pg180_o2nofp.cx10b_c8r32	100	100	500	500	1000	1000
pg180_o2nofp.cx10c_c8r32	100	100	500	500	1000	1000
pg180_o2nofp.cx10d_c8r32	100	100	500	500	1000	1000
pg181_o2nofp.cx10b_c8r32	100	100	500	500	1000	1000
