my8033_rel_native_lto.cy10_u	917782	1519304	234375	88428	89513	92676
my8033_rel_native_lto.cy10_ua1	893855	1176716	230548	86148	85611	84540
my8033_rel_native_lto.cy10_ua2	910816	1486378	241631	88138	89585	92750
my8033_rel_native_lto.cy10_ua3	916030	1533866	245587	87662	89467	92225
my8033_rel_native_lto.cy10_ua4	916030	1500312	241814	87884	89562	92741
my8033_rel_native_lto.cy10_ua5	914286	1538782	237447	88576	89533	92393
my8033_rel_native_lto.cy10_ua6	919540	1490994	242302	88587	89511	92920
my8033_rel_native_lto.cy10_ua7	917782	1367806	242363	88614	89848	92693
my8033_rel_native_lto.cy10_ua8	917782	1543730	243655	88532	89578	92818
my8033_rel_native_lto.cy10_ua9	914286	1553722	245148	88452	89522	92420
my8033_rel_native_lto.cy10_ua10	917782	1375645	244960	88517	90223	92403
my8033_rel_native_lto.cy10_ua11	910816	1798127	210250	87654	88763	91631
my8033_rel_native_lto.cy10_ua12	910816	1690493	241145	87904	88844	92242
my8033_rel_native_lto.cy10_ua13	914286	1579276	90395	100067	97829	94147
my8033_rel_native_lto.cy10_ua14	919540	1616498	245462	88448	89691	92685
my8033_rel_native_lto.cy10_ua15	912548	2124336	244773	88811	89688	92827
my8033_rel_native_lto.cy10_ua16	917782	1367806	242608	88819	90016	92998
my8033_rel_native_lto.cy10_ua17	907372	1733213	241935	88533	89762	92563
my8033_rel_native_lto.cy10_ua18	903955	1247013	279883	91033	90734	91122
my8033_rel_native_lto.cy10_ua19	916030	1450453	224824	88167	89579	92227
my8033_rel_native_lto.cy10_ua20	912548	1486378	90464	99060	97348	93416
my8033_rel_native_lto.cy10_ua21	921305	1416224	96241	98518	96866	93173
