pg9023_def.cx9a2_bee	100	100	499	499	998	998
pg9124_def.cx9a2_bee	100	100	499	499	997	998
pg9224_def.cx9a2_bee	100	100	499	499	998	998
pg9325_def.cx9a2_bee	100	100	499	499	998	998
pg9426_def.cx9a2_bee	100	100	499	499	998	999
pg9525_def.cx9a2_bee	100	100	499	499	997	998
pg9624_def.cx9a2_bee	100	100	499	499	998	998
pg1023_def.cx9a2_bee	100	100	499	499	998	998
pg1122_def.cx9a2_bee	100	100	499	499	998	998
pg1217_def.cx9a2_bee	100	100	499	499	998	998
pg1313_def.cx9a2_bee	100	100	499	499	997	998
pg1410_def.cx9a2_bee	100	100	499	499	998	998
pg1411_def.cx9a2_bee	100	100	499	499	998	997
pg155_def.cx9a2_bee	100	100	499	499	998	998
pg156_def.cx9a2_bee	100	100	499	499	998	998
pg161_def.cx9a2_bee	100	100	499	499	997	998
pg162_def.cx9a2_bee	100	100	499	499	997	998
