pg1222_o2nofp.cx10a_c8r32	144144	278746	4048	197	14589	847	14035	823	12298	785
pg1322_o2nofp.cx10a_c8r32	146466	284900	3972	195	14865	1057	14065	1030	12563	984
pg1323_o2nofp.cx10a_c8r32	144718	282187	3868	193	14566	1053	13816	1024	12331	985
pg1419_o2nofp.cx10a_c8r32	139982	279330	3925	192	14613	1055	13778	1025	12145	972
pg1420_o2nofp.cx10a_c8r32	140130	285205	3876	192	14450	1055	13828	1026	12317	985
pg1514_o2nofp.cx10a_c8r32	144692	303605	3824	186	14461	1056	13766	1026	12292	971
pg1515_o2nofp.cx10a_c8r32	146843	307102	3617	173	14416	1060	13580	1027	12086	987
pg1610_o2nofp.cx10a_c8r32	146440	303951	3710	180	14585	1058	13744	1027	12213	984
pg1611_o2nofp.cx10a_c8r32	146493	311526	3575	175	14454	1059	13886	1030	12165	983
pg176_o2nofp.cx10a_c8r32	143498	314713	3549	168	14459	1053	13754	1021	11932	982
pg177_o2nofp.cx10a_c8r32	144980	313480	3241	154	14404	1051	13724	1023	11946	983
pg180_o2nofp.cx10b_c8r32	144665	309717	3673	180	14215	831	13525	806	11924	767
pg180_o2nofp.cx10c_c8r32	144404	327734	3643	180	14542	830	13885	804	12018	766
pg180_o2nofp.cx10d_c8r32	144326	321414	3660	180	14172	834	13553	805	11689	768
pg181_o2nofp.cx10b_c8r32	142577	315085	3607	174	14323	1037	13557	1006	11899	964
