ma101107_rel.cz11a_bee	83799	130435	19066	11136	3565	3729	3516	3818	3574	3824
ma101107_rel.cz11b_bee	83565	130435	17730	10941	3670	3588	3621	3791	3578	3768
ma101107_rel.cz11c_bee	84270	130435	17219	10799	3599	3644	3568	3724	3554	3919
ma101107_rel.cz11d_bee	83799	130435	19175	11198	3614	3720	3580	3802	3597	3807
ma110401_rel.cz11b_bee	82192	128206	17770	10799	3667	3728	3593	3835	3618	3836
ma110401_rel.cz11c_bee	83102	128206	17264	10707	3642	3597	3622	3849	3645	3836
my8036_rel.cz11a_bee	56604	136987	16835	8643	3642	2842	3674	2838	3723	2885
my8036_rel.cz11b_bee	56818	30832	13642	7027	3532	2876	3634	2823	3701	2942
my8036_rel.cz11c_bee	56180	21614	14909	7770	3580	2837	3558	2908	3677	2938
my8036_rel.cz11d_bee	57034	137615	16906	8650	3604	2808	3575	2830	3598	2867
