ma100434_rel_withdbg.cz11a_c32r128	478297	1547988	7154	5826	61468	17454	31376	6696	35734	8507
ma100527_rel_withdbg.cz11a_c32r128	333361	1512859	6164	7764	155152	12353	109834	4920	124568	5236
ma100620_rel_withdbg.cz11a_c32r128	318167	1525553	6809	6408	174338	18107	88415	7197	95797	7128
ma100620_rel_withdbg.cz11a_lwas4k_c32r128	314936	1512859	6795	6425	175423	18234	88092	7114	96472	7125
ma101110_rel_withdbg.cz11a_c32r128	283527	1520334	6309	6068	176270	17711	87325	6051	94894	6074
ma101110_rel_withdbg.cz11a_lwas4k_c32r128	283849	1537279	6381	6131	175814	17617	86186	6157	94684	6183
ma110404_rel_withdbg.cz11b_c32r128	287212	1446655	6387	5905	178313	17557	67151	5745	84012	5724
ma110404_rel_withdbg.cz11b_lwas4k_c32r128	286820	1500938	6402	5914	173466	17558	66006	5727	82780	5751
ma110502_rel_withdbg.cz11b_c32r128	286164	1490868	6235	7345	170895	17565	79247	6736	86389	5080
ma110502_rel_withdbg.cz11b_lwas4k_c32r128	283346	1511716	6321	7161	168807	17357	77934	6644	86975	5231
ma110601_rel_withdbg.cz11b_c32r128	279193	1483680	6292	6734	170665	17472	79530	6218	86942	5149
ma110601_rel_withdbg.cz11b_lwas4k_c32r128	276415	1475470	6283	7482	171267	17591	81350	5144	91026	5556
ma110602_rel_withdbg.cz11b_c32r128	284576	1684920	6465	5954	168467	17747	65350	5761	81311	5763
ma110602_rel_withdbg.cz11b_lwas4k_c32r128	282526	1474926	6386	5900	171783	17506	65326	5675	81427	5676
ma110602_rel_withdbg.cz11b_lwas4k_si_c32r128	281730	1436266	6457	5933	167038	17535	65097	5708	80928	5711
ma110602_rel_withdbg.cz11b_si_c32r128	284434	1483680	6433	5945	171154	17493	65424	5740	82159	5731
ma110700_rel_withdbg.cz11b_c32r128	287460	1476015	6398	5910	170229	17755	65840	5691	81346	5680
ma110700_rel_withdbg.cz11b_lwas4k_c32r128	283768	1474383	6406	5891	171995	17322	65350	5697	81328	5689
ma110701_rel_withdbg.cz11b_c32r128	283869	1506591	6382	5908	170134	17496	65423	5677	81896	5691
ma110701_rel_withdbg.cz11b_lwas4k_c32r128	281611	1546790	6384	5900	170188	17671	64720	5640	80582	5649
ma110701_rel_withdbg.cz11b_lwas4k_si_c32r128	282566	1488095	6400	5919	170420	17639	65299	5690	81845	5690
ma110701_rel_withdbg.cz11b_si_c32r128	283768	1494768	6365	5888	168766	17519	64145	5651	80828	5672
