ma100434_rel_withdbg.cz11a_c32r128	1976	1976	2860	5425	2452	5491
ma100527_rel_withdbg.cz11a_c32r128	1976	1976	5476	4449	6169	3944
ma100620_rel_withdbg.cz11a_c32r128	1976	1976	9142	5414	6651	5494
ma100620_rel_withdbg.cz11a_lwas4k_c32r128	1976	1976	9054	5351	6657	5509
ma101110_rel_withdbg.cz11a_c32r128	1976	1976	7860	4323	6169	4431
ma101110_rel_withdbg.cz11a_lwas4k_c32r128	1977	1976	7940	4427	6162	4549
ma110404_rel_withdbg.cz11b_c32r128	1976	1976	7696	4164	6196	4234
ma110404_rel_withdbg.cz11b_lwas4k_c32r128	1976	1976	7624	4175	6164	4258
ma110502_rel_withdbg.cz11b_c32r128	1976	1976	8625	3788	6300	4264
ma110502_rel_withdbg.cz11b_lwas4k_c32r128	1976	1976	8223	3892	6309	4397
ma110601_rel_withdbg.cz11b_c32r128	1976	1976	8021	3962	6263	4226
ma110601_rel_withdbg.cz11b_lwas4k_c32r128	1977	1976	8160	4226	5912	4208
ma110602_rel_withdbg.cz11b_c32r128	1976	1976	7789	4226	6198	4303
ma110602_rel_withdbg.cz11b_lwas4k_c32r128	1976	1976	7699	4153	6180	4233
ma110602_rel_withdbg.cz11b_lwas4k_si_c32r128	1976	1976	7715	4191	6195	4265
ma110602_rel_withdbg.cz11b_si_c32r128	1976	1976	7772	4206	6206	4281
ma110700_rel_withdbg.cz11b_c32r128	1976	1977	7676	4153	6184	4226
ma110700_rel_withdbg.cz11b_lwas4k_c32r128	1976	1976	7669	4167	6139	4247
ma110701_rel_withdbg.cz11b_c32r128	1976	1976	7673	4174	6195	4246
ma110701_rel_withdbg.cz11b_lwas4k_c32r128	1977	1976	7673	4124	6180	4194
ma110701_rel_withdbg.cz11b_lwas4k_si_c32r128	1976	1976	7732	4160	6213	4243
ma110701_rel_withdbg.cz11b_si_c32r128	1976	1976	7621	4158	6162	4223
