pg152_o2_nofp.cx8_bee	238095	804000	91012	44054	42814	41304
pg152_o2_nofp.cx8a1_bee	235294	837500	90971	44315	42512	41208
pg152_o2_nofp.cx8a2_bee	238095	804000	90744	44471	42470	41594
pg152_o2_nofp.cx8a3_bee	235294	804000	90662	43944	42608	41207
pg152_o2_nofp.cx8a4_bee	238095	804000	91116	43783	42254	40883
pg152_o2_nofp.cx8a9_bee	238095	804000	91303	44293	42555	41307
pg152_o2_nofp.cx8a10_bee	235294	804000	90539	44124	42593	41118
pg152_o2_nofp.cx8a12_bee	238095	837500	91408	44589	42680	41191
pg152_o2_nofp.cx8a14_bee	238095	804000	90600	44045	42481	41374
pg152_o2_nofp.cx8a15_bee	238095	837500	88613	44576	42505	41608
pg152_o2_nofp.cx8a16_bee	238095	804000	101343	44347	43347	42374
pg152_o2_nofp.cx8a17_bee	238095	804000	91303	44241	42438	41026
pg152_o2_nofp.cx8a18_bee	238095	837500	101471	43833	42915	41598
pg152_o2_nofp.cx8a20_bee	238095	804000	102145	44475	43450	42566
pg152_o2_nofp.cx8a21_bee	238095	804000	101471	44140	43665	42769
pg152_o2_nofp.cx8a22_bee	238095	804000	101471	44700	43514	42310
