my8013_rel.cz10a_gcp_c2s30	707965	1185186	95636	48485	66893	51878	64577	50268	62649	48453
my8014_rel.cz10a_gcp_c2s30	701754	1167884	95323	48222	66940	52134	64625	50422	62490	48768
my8020_rel.cz10a_gcp_c2s30	707965	377359	93240	47534	64310	50150	62553	49033	60754	47341
my8028_rel.cz10a_gcp_c2s30	704846	888889	107418	50955	61014	50558	59428	49344	58150	48072
my8030_rel.cz10a_gcp_c2s30	677966	833334	98401	47619	56701	47110	55226	45987	53640	44756
my8031_rel.cz10a_gcp_c2s30	686695	855616	98765	47647	56122	46949	54555	45865	53315	44492
my8032_rel.cz10a_gcp_c2s30	669456	833334	97324	47198	55909	46352	54167	45206	52698	43972
my8033_rel.cz10a_gcp_c2s30	653061	837697	96999	46948	55496	45821	53918	44745	52379	43527
my8034_rel.cz10a_gcp_c2s30	658436	808081	101814	48426	57263	47056	55650	45898	54283	44675
my8035_rel.cz10a_gcp_c2s30	663900	846561	101298	48368	67292	47245	65703	45944	63901	44728
my8035_rel.cz10aps0_gcp_c2s30	695652	860216	103126	50251	72102	51133	70334	49655	68923	48570
my8035_rel_lessps.cz10a_gcp_c2s30	707965	855616	104439	50858	73410	51818	71616	50403	70195	49318
