my8013_rel.cz10a_gcp_c2s30	794	794	3967	3970	7947	7947
my8014_rel.cz10a_gcp_c2s30	794	793	3970	3970	7940	7940
my8020_rel.cz10a_gcp_c2s30	794	794	3967	3970	7947	7947
my8028_rel.cz10a_gcp_c2s30	794	794	3967	3967	7947	7947
my8030_rel.cz10a_gcp_c2s30	794	794	3967	3967	7947	7947
my8031_rel.cz10a_gcp_c2s30	793	794	3970	3970	7947	7947
my8032_rel.cz10a_gcp_c2s30	794	793	3970	3970	7947	7947
my8033_rel.cz10a_gcp_c2s30	794	793	3967	3970	7947	7947
my8034_rel.cz10a_gcp_c2s30	794	794	3970	3967	7940	7940
my8035_rel.cz10a_gcp_c2s30	794	794	3970	3970	7940	7940
my8035_rel.cz10aps0_gcp_c2s30	793	794	3970	3970	7947	7947
my8035_rel_lessps.cz10a_gcp_c2s30	794	794	3967	3967	7940	7947
