ma100244_rel_withdbg.cz11a_c32r128	715692	1542615	7547	4313	177416	16862	6247	3691	15683	7475
ma100339_rel_withdbg.cz11a_c32r128	474552	1534919	7212	5797	90441	17668	123766	8079	106362	8818
ma100434_rel_withdbg.cz11a_c32r128	479214	1544998	7147	5770	76292	17457	75498	7022	35996	8606
ma100526_rel_withdbg.cz11a_c32r128	329001	1615509	6126	7366	156653	12272	110780	4886	124913	5426
ma100619_rel_withdbg.cz11a_c32r128	322295	1558846	6523	7719	173808	18266	94512	8265	103364	6619
ma101109_rel_withdbg.cz11a_c32r128	281057	1573564	6122	6812	176381	17765	94824	6840	99044	5145
ma110403_rel_withdbg.cz11b_c32r128	284698	1523229	6262	7613	177008	17688	80329	6488	91584	5399
ma110502_rel_withdbg.cz11b_c32r128	285103	1489758	6262	7758	165495	17272	78811	5937	86905	5492
ma110601_rel_withdbg.cz11b_c32r128	278629	1498127	6203	7794	169872	17504	80371	5755	88476	5277
my5651_rel_o2nofp.cz11a_c32r128	372648	307220	11217	4291	228196	6283	143779	4410	128294	5955
my5744_rel_o2nofp.cz11a_c32r128	675447	1810774	14052	5816	195618	17455	150392	7713	131822	10254
my8039_rel_o2nofp.cz11a_c32r128	1434206	1353180	16162	5682	183538	17203	160796	9033	119664	8645
