ma100244_rel_withdbg.cz11a_c32r128	1977	1976	747	6056	886	4813
ma100339_rel_withdbg.cz11a_c32r128	1976	1976	9704	6881	6479	5638
ma100434_rel_withdbg.cz11a_c32r128	1976	1976	6272	6112	2433	5544
ma100526_rel_withdbg.cz11a_c32r128	1976	1977	5417	4425	6179	3845
ma100619_rel_withdbg.cz11a_c32r128	1976	1976	8490	4729	6540	5625
ma101109_rel_withdbg.cz11a_c32r128	1976	1976	8411	3771	6235	4249
ma110403_rel_withdbg.cz11b_c32r128	1976	1976	8459	3909	6319	4254
ma110502_rel_withdbg.cz11b_c32r128	1976	1976	8046	4003	6332	4245
ma110601_rel_withdbg.cz11b_c32r128	1976	1976	7732	4049	6104	4300
my5651_rel_o2nofp.cz11a_c32r128	1977	1977	9885	9885	11378	3193
my5744_rel_o2nofp.cz11a_c32r128	1977	1977	9885	9885	19748	10873
my8039_rel_o2nofp.cz11a_c32r128	1977	1977	9885	9885	19769	12609
