my5651_rel_o2nofp.cz12a_c24r64	490798	365297	57736	37603	81244	67356	79062	65649	76472	64046
my5744_rel_o2nofp.cz12a_c24r64	496894	1052633	84768	53244	68643	59281	67989	58510	66585	57803
my8043_rel_o2nofp.cz12a_c24r64	470588	1025642	119738	54146	62152	44530	61104	44010	60332	43120
my8044_rel_o2nofp.cz12a_c24r64	470588	1038962	120869	53963	63497	44909	62878	44271	61859	43627
my8406_rel_o2nofp.cz12a_c24r64	449438	1038962	119850	53601	61653	43845	60743	43295	59795	42516
my8407_rel_o2nofp.cz12a_c24r64	467836	1025642	119738	53782	61985	44306	61535	43764	60208	43030
my8407_rel_o2nofp.cz12a_nocb_c24r64	465116	1052633	120869	53333	61709	44157	61056	43568	59769	42827
my9400_rel_o2nofp.cz12a_c24r64	454545	1038962	93091	50955	63519	44922	62976	44358	61766	43796
my9500_rel_o2nofp.cz12a_c24r64	451977	1038962	98009	53333	63214	44625	62760	44305	61901	43677
my9500_rel_o2nofp.cz13a_c24r64	459770	1025642	96096	50713	62928	44873	62401	44208	61407	44144
