ma100230_rel_withdbg.cz12a_c24r64	519480	1142858	98235	50078	64730	58958	63260	57635	61874	56325
ma100244_rel_withdbg.cz12a_c24r64	516129	1081082	96024	47832	58370	54437	56930	53139	55628	51776
ma100339_rel_withdbg.cz12a_c24r64	410256	1025642	86312	55944	56794	52012	55534	50752	54305	49827
ma100434_rel_withdbg.cz12a_c24r64	380952	1052633	78672	54888	55152	50557	53869	49535	52726	48360
ma100529_rel_withdbg.cz12a_c24r64	307692	963857	56662	46852	54994	51332	54059	50253	52693	48294
ma100625_rel_withdbg.cz12a_c24r64	300752	800001	60635	45070	62946	57286	61855	55956	60416	54840
ma101116_rel_withdbg.cz12a_c24r64	615385	747664	113879	64516	62870	56692	62109	55859	61359	55168
ma110410_rel_withdbg.cz12b_c24r64	601504	769232	112577	65306	63737	57523	63018	56754	62196	56119
ma110806_rel_withdbg.cz12b_c24r64	650406	754718	120414	76923	63888	58431	63188	57682	62313	56614
ma120301_rel_withdbg.cz12b_c24r64	615385	919541	115419	68817	65450	59078	64661	58297	63913	57553
ma130000_rel_withdbg.cz12b_c24r64	634921	975611	119292	72398	65666	60170	64905	59151	63877	58050
