ma100230_rel_withdbg.cz12a_c24r64	797	796	3984	3984	7969	7965
ma100244_rel_withdbg.cz12a_c24r64	796	797	3982	3982	7965	7969
ma100339_rel_withdbg.cz12a_c24r64	796	796	3984	3984	7969	7969
ma100434_rel_withdbg.cz12a_c24r64	797	797	3982	3982	7965	7965
ma100529_rel_withdbg.cz12a_c24r64	796	797	3984	3984	7965	7969
ma100625_rel_withdbg.cz12a_c24r64	796	797	3984	3984	7965	7969
ma101116_rel_withdbg.cz12a_c24r64	797	796	3982	3982	7965	7969
ma110410_rel_withdbg.cz12b_c24r64	797	797	3982	3984	7969	7969
ma110806_rel_withdbg.cz12b_c24r64	797	796	3984	3984	7969	7965
ma120301_rel_withdbg.cz12b_c24r64	796	797	3984	3984	7969	7965
ma130000_rel_withdbg.cz12b_c24r64	796	796	3984	3984	7969	7965
