pg1222_o2nofp.cx10a_c32r128	1111111	2307694	283604	63660	145403	84167	141614	83672	140003	83116
pg1322_o2nofp.cx10a_c32r128	1111111	2222224	280702	57075	147514	84362	143022	83909	140977	83483
pg1323_o2nofp.cx10a_c32r128	991736	2222224	284024	58896	145900	83804	142306	83248	140701	82771
pg1419_o2nofp.cx10a_c32r128	1081081	2222224	280702	57623	147762	83456	143472	82904	142032	82368
pg1420_o2nofp.cx10a_c32r128	1061947	2264153	288722	60226	147709	83017	143579	82785	142100	82164
pg1514_o2nofp.cx10a_c32r128	1090909	2352943	269663	58465	146855	83934	143310	83766	142691	82991
pg1515_o2nofp.cx10a_c32r128	1121495	2307694	275862	61856	145769	83422	141957	83123	140543	82480
pg1610_o2nofp.cx10a_c32r128	1090909	2307694	282353	56470	146336	83910	142324	83323	141056	82979
pg1611_o2nofp.cx10a_c32r128	1100917	2352943	278665	59776	147343	83928	143416	83798	142041	83029
pg176_o2nofp.cx10a_c32r128	1111111	2448982	290469	58182	147895	84004	143641	83858	142470	83130
pg177_o2nofp.cx10a_c32r128	1090909	2448982	282353	62419	147861	83776	144168	83214	142705	82601
pg180_o2nofp.cx10b_c32r128	1111111	2448982	294478	58323	145280	83033	141266	82581	140568	81989
pg180_o2nofp.cx10c_c32r128	1100917	2448982	286567	60991	145197	83119	141197	82692	139959	81936
pg180_o2nofp.cx10d_c32r128	1100917	2448982	282769	60150	145155	83027	141555	82453	140450	81955
pg181_o2nofp.cx10b_c32r128	1100917	2448982	286140	60759	147902	83614	144498	83212	142783	82561
pg181_o2nofp.cx10d_c32r128	1090909	2448982	285714	59480	145710	83576	142304	82966	140533	82582
