pg1222_o2nofp.cx10a_c32r128	1193	1193	5964	5960	11920	11920
pg1322_o2nofp.cx10a_c32r128	1193	1193	5964	5964	11920	11920
pg1323_o2nofp.cx10a_c32r128	1192	1192	5960	5960	11920	11927
pg1419_o2nofp.cx10a_c32r128	1192	1192	5960	5960	11920	11920
pg1420_o2nofp.cx10a_c32r128	1193	1193	5964	5964	11920	11920
pg1514_o2nofp.cx10a_c32r128	1192	1193	5964	5964	11927	11927
pg1515_o2nofp.cx10a_c32r128	1192	1192	5960	5960	11920	11927
pg1610_o2nofp.cx10a_c32r128	1193	1193	5964	5960	11920	11920
pg1611_o2nofp.cx10a_c32r128	1192	1192	5964	5964	11927	11927
pg176_o2nofp.cx10a_c32r128	1193	1193	5964	5964	11927	11920
pg177_o2nofp.cx10a_c32r128	1193	1193	5964	5964	11927	11920
pg180_o2nofp.cx10b_c32r128	1193	1193	5964	5964	11927	11927
pg180_o2nofp.cx10c_c32r128	1192	1192	5960	5960	11920	11920
pg180_o2nofp.cx10d_c32r128	1193	1193	5960	5960	11920	11920
pg181_o2nofp.cx10b_c32r128	1192	1192	5964	5964	11927	11927
pg181_o2nofp.cx10d_c32r128	1193	1193	5964	5964	11927	11927
