ma100244_rel.cz11a_c8r32	516129	923079	69717	36994	34905	30160	33111	29078	32160	28177
ma100244_rel.cz11apur1_c8r32	516129	923079	63272	28318	35182	30315	33522	29242	32762	28626
ma100339_rel.cz11a_c8r32	428571	888891	76010	39555	34250	29240	32245	27890	31190	27168
ma100339_rel.cz11apur1_c8r32	461538	888891	58770	33195	34085	29098	32559	27932	31813	27463
ma100433_rel.cz11a_c8r32	421053	923079	76831	39653	32956	28177	31303	27098	30358	26492
ma100433_rel.cz11apur1_c8r32	452830	888891	58608	33195	33318	28215	31687	27243	30919	26799
ma100524_rel.cz11a_c8r32	436364	786887	93910	47761	33134	28405	32789	28085	32315	27638
ma100524_rel.cz11apur1_c8r32	436364	774195	59095	32553	33180	28390	32803	28117	32448	28001
ma100617_rel.cz11a_c8r32	466019	774195	93704	49155	32866	28288	32364	27994	32060	27681
ma100617_rel.cz11apur1_c8r32	470588	774195	61391	32258	33143	28264	32893	28038	32471	27770
ma101107_rel.cz11a_c8r32	461538	761906	92219	45134	32657	28016	32449	27863	31928	27489
ma101107_rel.cz11apur1_c8r32	466019	774195	62530	34115	32921	28142	32371	27836	31977	27367
ma110401_rel.cz11b_c8r32	461538	666668	76509	43716	32780	28093	32263	27772	31845	27413
ma110401_rel.cz11bpur1_c8r32	470588	695654	59452	32620	32774	27960	32452	27740	31931	27384
my5651_rel.cz11a_c8r32	466019	551725	58129	30476	42430	34548	41547	34026	40904	33386
my5744_rel.cz11a_c8r32	489796	800002	75740	39950	36122	29933	35848	29545	35272	29187
my5744_rel.cz11apur1_c8r32	489796	800002	62807	28725	35454	29786	35200	29479	34911	29085
my8036_rel.cz11a_c8r32	369231	705884	46394	23375	32064	23808	31779	23541	31420	23295
my8036_rel.cz11apur1_c8r32	372093	705884	57296	21813	31955	23736	31840	23571	31321	23278
