fbmy5635_rel_202104072149.cy10a_bee	77317	75552	25602	1969	1963	2006
fbmy5635_rel_202104072149.cy10a5_bee	77228	75403	25913	1971	1960	2014
fbmy5635_rel_202203072101.cy10a_bee	77310	75035	25471	2017	2017	2027
fbmy5635_rel_202203072101.cy10a5_bee	77776	75325	25920	2021	2005	2012
fbmy5635_rel_202205192101.cy10a_bee	76118	74937	25484	1995	2008	1995
fbmy5635_rel_202205192101.cy10a5_bee	77228	75474	25840	2024	1979	2022
fbmy5635_rel_202208092101.cy10a_bee	76982	75417	25471	2023	1986	2007
fbmy5635_rel_202208092101.cy10a5_bee	77250	75212	25840	1949	1984	1985
fbmy5635_rel_202210112144.cy10a_bee	77504	74986	25452	1978	1965	1987
fbmy5635_rel_202210112144.cy10a5_bee	76967	75753	25773	2002	2024	2051
fbmy5635_rel_202302162102.cy10a_bee	78003	75410	25342	1970	1982	1955
fbmy5635_rel_202302162102.cy10a5_bee	76908	75417	25588	1930	1940	1972
fbmy5635_rel_202304122154.cy10a_bee	76864	75868	25413	1895	1934	1948
fbmy5635_rel_202304122154.cy10a5_bee	77265	75738	25562	1956	1922	1984
fbmy5635_rel_202305292102.cy10a_bee	76482	76280	25523	1925	1946	1986
fbmy5635_rel_202305292102.cy10a5_bee	75944	75860	25381	1972	1997	1987
fbmy5635_rel_jun23_7e40af677.cy10a_bee	76031	75367	25310	1967	1966	1974
fbmy5635_rel_jun23_7e40af677.cy10a5_bee	77064	74783	25394	1960	1920	1978
