fbmy5635_rel_202104072149.cy10a_bee	100	499	998
fbmy5635_rel_202104072149.cy10a5_bee	100	499	999
fbmy5635_rel_202203072101.cy10a_bee	100	499	998
fbmy5635_rel_202203072101.cy10a5_bee	100	499	999
fbmy5635_rel_202205192101.cy10a_bee	100	499	998
fbmy5635_rel_202205192101.cy10a5_bee	100	499	999
fbmy5635_rel_202208092101.cy10a_bee	100	499	999
fbmy5635_rel_202208092101.cy10a5_bee	100	499	999
fbmy5635_rel_202210112144.cy10a_bee	100	499	999
fbmy5635_rel_202210112144.cy10a5_bee	100	499	998
fbmy5635_rel_202302162102.cy10a_bee	100	499	998
fbmy5635_rel_202302162102.cy10a5_bee	100	499	998
fbmy5635_rel_202304122154.cy10a_bee	100	499	999
fbmy5635_rel_202304122154.cy10a5_bee	100	499	999
fbmy5635_rel_202305292102.cy10a_bee	100	499	998
fbmy5635_rel_202305292102.cy10a5_bee	100	499	998
fbmy5635_rel_jun23_7e40af677.cy10a_bee	100	499	999
fbmy5635_rel_jun23_7e40af677.cy10a5_bee	100	499	999
