pg170_o2nofp.cx10a_c8r32	209790	491805	21870	2641	26985	13175	24473	13167	24609	13136
pg171_o2nofp.cx10a_c8r32	208333	491805	21906	2737	26840	12360	24263	12948	24447	12798
pg172_o2nofp.cx10a_c8r32	211268	491805	20672	2483	26705	13236	24179	13084	24454	13118
pg173_o2nofp.cx10a_c8r32	209790	491805	21786	2814	26992	13205	24438	13231	24551	13184
pg174_o2nofp.cx10a_c8r32	208333	491805	21598	2558	27061	13240	24426	13218	24462	13184
pg175_o2nofp.cx10a_c8r32	208333	491805	21494	2556	27007	13303	24228	13285	24413	13195
pg176_o2nofp.cx10a_c8r32	206896	491805	21425	2658	27057	13251	24218	13172	24501	13179
pg177_o2nofp.cx10a_c8r32	211268	491805	20243	2305	26905	13249	24403	13248	24446	13136
pg178_o2nofp.cx10a_c8r32	211268	491805	21505	2623	26914	13360	24326	13204	24359	13139
pg179_o2nofp.cx10a_c8r32	209790	491805	20779	2509	27209	13206	24727	13115	24823	13204
