my5710_rel.cy10a_bee	88889	162097	22645	4104	4127	4087
my5711_rel.cy10a_bee	87719	158268	22604	4106	4047	4045
my5712_rel.cy10a_bee	86956	159524	22094	4078	4055	4071
my5713_rel.cy10a_bee	88106	160800	22124	4135	4080	4102
my5714_rel.cy10a_bee	87719	151128	22232	4099	4046	4061
my5715_rel.cy10a_bee	86956	154615	22292	4060	4040	4037
my5716_rel.cy10a_bee	85837	153435	22114	4010	4016	4041
my5717_rel.cy10a_bee	88889	157031	22321	4044	4017	4041
my5718_rel.cy10a_bee	86207	155814	22017	4124	4036	4076
my5719_rel.cy10a_bee	86956	157031	22134	4033	4035	4024
my5720_rel.cy10a_bee	86207	155814	22153	3938	3918	3952
my5721_rel.cy10a_bee	86207	158268	22007	4009	3981	3988
my5722_rel.cy10a_bee	87336	155814	22153	3991	4029	3955
my5723_rel.cy10a_bee	86580	150000	21968	3971	3982	3959
my5724_rel.cy10a_bee	87336	148889	22134	3990	3899	3958
my5725_rel.cy10a_bee	85470	159524	22104	4074	4060	4028
my5726_rel.cy10a_bee	86207	155814	22351	4092	4045	4028
my5727_rel.cy10a_bee	84746	158268	22056	4044	4043	4020
my5728_rel.cy10a_bee	85106	158268	22026	4066	3949	3996
my5729_rel.cy10a_bee	86207	154615	22193	4042	3981	3935
my5730_rel.cy10a_bee	85837	148889	22036	3961	3958	3929
my5731_rel.cy10a_bee	85470	153435	22183	3962	3935	3963
my5732_rel.cy10a_bee	86580	151128	22272	3958	3920	3992
my5733_rel.cy10a_bee	86580	150000	22492	3969	3938	4026
my5734_rel.cy10a_bee	84388	151128	21758	3967	3873	3848
my5735_rel.cy10a_bee	82988	150000	21673	3922	3857	3877
my5736_rel.cy10a_bee	83333	151128	21777	3852	3908	3882
my5737_rel.cy10a_bee	84034	151128	21863	3835	3925	3866
my5738_rel.cy10a_bee	82988	153435	21739	3840	3859	3848
my5739_rel.cy10a_bee	83682	153435	21786	3880	3829	3850
my5740_rel.cy10a_bee	83682	148889	21636	3921	3913	3915
my5741_rel.cy10a_bee	84388	150000	21853	3897	3889	3901
my5742_rel.cy10a_bee	84746	148889	21758	3886	3833	3813
my5743_rel.cy10a_bee	84034	150000	21730	3854	3856	3885
