my8033_rel_lto.cy10a_gcp_c2s30	666667	884530	120782	38074	50640	50829
my8033_rel_lto.cy10a2_gcp_c2s30	672269	874863	123210	38390	51657	51763
my8033_rel_lto.cy10a7_gcp_c2s30	663900	870109	124224	39573	53112	51830
my8033_rel_lto.cy10a10_gcp_c2s30	661157	870109	104200	55311	53956	52155
my8033_rel_lto.cy10a12_gcp_c2s30	666667	947337	117182	37770	50929	51336
my8033_rel_lto.cy10a13_gcp_c2s30	663900	860753	101061	55813	54968	53433
my8033_rel_lto.cy10a17_gcp_c2s30	666667	1089116	124834	40208	52684	51350
my8033_rel_lto.cy10a18_gcp_c2s30	658436	816837	120773	37205	49653	51309
my8033_rel_lto.cy10a20_gcp_c2s30	663900	838220	101356	54058	52710	50966
my8033_rel_lto.cy10a21_gcp_c2s30	666667	884530	106567	56027	54588	52811
my8033_rel_lto.cy10a22_gcp_c2s30	669456	865405	102861	54509	53186	51542
ps8033_rel_lto.cy10aps1_gcp_c2s30	666667	879670	119922	36192	47979	49519
ps8033_rel_lto.cy10aps2_gcp_c2s30	663900	847090	119859	36096	47870	49480
