my8033_rel_lto.cy10a_gcp_c2s30	789	3991	7984
my8033_rel_lto.cy10a2_gcp_c2s30	789	3992	7984
my8033_rel_lto.cy10a7_gcp_c2s30	789	3992	7984
my8033_rel_lto.cy10a10_gcp_c2s30	798	3992	7983
my8033_rel_lto.cy10a12_gcp_c2s30	789	3992	7984
my8033_rel_lto.cy10a13_gcp_c2s30	798	3992	7984
my8033_rel_lto.cy10a17_gcp_c2s30	795	3992	7983
my8033_rel_lto.cy10a18_gcp_c2s30	788	3989	7983
my8033_rel_lto.cy10a20_gcp_c2s30	798	3992	7984
my8033_rel_lto.cy10a21_gcp_c2s30	798	3992	7984
my8033_rel_lto.cy10a22_gcp_c2s30	798	3992	7984
ps8033_rel_lto.cy10aps1_gcp_c2s30	788	3989	7984
ps8033_rel_lto.cy10aps2_gcp_c2s30	790	3990	7984
