my5621_rel.cy10a_bee	101087	84918	1315	1024	1132	888
my5651_rel.cy10a_bee	95181	85226	1304	1026	1127	880
my5710_rel.cy10a_bee	86207	118009	1823	943	1109	988
my5721_rel.cy10a_bee	83446	116446	1810	941	1106	983
my5732_rel.cy10a_bee	82833	107627	1761	948	1087	969
my5743_rel.cy10a_bee	80922	108195	1746	926	1082	970
my8013_rel.cy10a_bee	65816	105666	1730	903	1046	934
my8020_rel.cy10a_bee	62083	102432	1746	979	1067	975
my8027_rel.cy10a_bee	60864	113845	1836	949	1039	944
my8034_rel.cy10a_bee	54866	106142	1743	929	1022	924
