my8028_rel_o2nofp.cz11a_bee	62305	151516	19675	10822	5193	3804	5223	3782	5192	3739
my8028_rel_o2nofp_clang.cz11a_bee	63492	148149	20050	10870	5092	3660	5082	3647	5051	3638
my8028_rel.cz11a_bee	65359	156251	20284	10776	5179	3804	5174	3805	5138	3765
my8028_rel_clang.cz11a_bee	63492	142858	20294	10881	5142	3683	5128	3715	5075	3693
my8028_rel_o2nofp_lto.cz11a_bee	64309	153847	19900	11173	5423	3966	5450	3955	5384	3921
my8028_rel_o2nofp_lto_clang.cz11a_bee	68259	169492	21164	11561	5462	3953	5492	3956	5402	3935
my8028_rel_lto.cz11a_bee	64935	162602	20460	11521	5425	3943	5464	3984	5402	3957
my8028_rel_lto_clang.cz11a_bee	68493	137932	21008	11561	5492	3955	5502	3936	5485	3965
my8028_rel_o2nofp_native.cz11a_bee	62893	180181	19822	10718	5035	3714	4997	3748	4942	3727
my8028_rel_o2nofp_native_clang.cz11a_bee	64309	152672	19822	10822	5038	3687	5022	3679	5041	3655
my8028_rel_native.cz11a_bee	65146	155040	20253	10741	4979	3795	4998	3825	4980	3826
my8028_rel_native_clang.cz11a_bee	63898	157481	20010	10741	4980	3673	5026	3676	5020	3685
my8028_rel_o2nofp_native_lto.cz11a_bee	64309	148149	20151	11173	5273	3942	5255	3882	5211	3882
my8028_rel_o2nofp_native_lto_clang.cz11a_bee	67797	157481	20888	11561	5472	4038	5461	3966	5456	3990
my8028_rel_native_lto.cz11a_bee	65574	155040	20544	11507	5320	4020	5349	4012	5336	4010
my8028_rel_native_lto_clang.cz11a_bee	68728	160001	20986	11641	5451	3968	5469	3947	5456	3947
my8028_rel_pgo_use.cz11a_bee	76923	162602	23669	14556	6348	4628	6304	4626	6284	4623
my8028_rel_pgo_use_clang.cz11a_bee	81301	145986	24630	15748	6478	4805	6455	4803	6427	4773
my8028_rel_lto_pgo_use.cz11a_bee	77220	161291	23310	14204	6297	4643	6349	4624	6269	4623
my8028_rel_lto_pgo_use_clang.cz11a_bee	93023	166668	26059	17007	6969	5314	6904	5236	6873	5244
