pg170_o2nofp.cx10a_c8r32	649351	1565558	12451	716	97525	3641	84883	3264	61702	2826
pg171_o2nofp.cx10a_c8r32	642570	1571709	12084	663	99037	3646	85528	3326	63773	2728
pg172_o2nofp.cx10a_c8r32	658436	1590457	12186	564	98910	3672	85916	3336	63678	2741
pg173_o2nofp.cx10a_c8r32	663900	1571709	13190	613	97104	3677	84697	3314	61931	2547
pg174_o2nofp.cx10a_c8r32	667780	1568628	12739	726	98086	3628	84541	3331	61659	2619
pg175_o2nofp.cx10a_c8r32	670017	1584159	13699	573	98802	3641	86001	3262	63266	2554
pg176_o2nofp.cx10a_c8r32	668896	1571709	11511	771	97778	3671	85405	3245	62379	2548
pg177_o2nofp.cx10a_c8r32	667780	1574803	11958	1096	98677	3640	85792	3258	63333	2546
pg178_o2nofp.cx10a_c8r32	657354	1562500	12327	566	98758	3646	84982	3310	62320	2614
pg179_o2nofp.cx10a_c8r32	661157	1568628	12204	803	99169	3693	86227	3314	63175	2894
