pg170_o2nofp.cx10a_c8r32	399	399	1996	1996	3991	3993
pg171_o2nofp.cx10a_c8r32	399	399	1997	1997	3991	3991
pg172_o2nofp.cx10a_c8r32	399	399	1997	1996	3991	3993
pg173_o2nofp.cx10a_c8r32	399	399	1996	1997	3989	3991
pg174_o2nofp.cx10a_c8r32	399	399	1997	1996	3993	3993
pg175_o2nofp.cx10a_c8r32	399	399	1997	1996	3993	3991
pg176_o2nofp.cx10a_c8r32	399	399	1997	1996	3991	3991
pg177_o2nofp.cx10a_c8r32	399	399	1997	1996	3991	3993
pg178_o2nofp.cx10a_c8r32	399	399	1997	1997	3991	3991
pg179_o2nofp.cx10a_c8r32	399	399	1997	1996	3989	3993
