ma100244_rel.cz11a_bee	88183	120682	1459	1580	3902	637	4031	542	4031	518
ma100244_rel.cz11apur1_bee	88164	120192	1458	1618	3798	644	3849	546	4012	525
ma100339_rel.cz11a_bee	79713	117199	1404	1550	3769	637	3815	539	3893	517
ma100339_rel.cz11apur1_bee	80273	117010	1423	1587	3628	645	3616	542	3758	525
ma100433_rel.cz11a_bee	77685	118361	1386	1541	3496	630	3565	535	3638	512
ma100433_rel.cz11apur1_bee	78888	118116	1409	1592	3425	634	3395	533	3538	476
ma100524_rel.cz11a_bee	76431	101176	1492	1745	3477	632	3528	572	3595	498
ma100524_rel.cz11apur1_bee	81342	98232	1502	1764	3458	636	3472	580	3526	503
ma100617_rel.cz11a_bee	79341	93567	1063	1172	3343	600	3093	484	2724	395
ma100617_rel.cz11apur1_bee	80418	99751	1054	1174	3346	600	3074	484	2734	390
ma101107_rel.cz11a_bee	78194	98888	1070	1167	3355	588	3148	478	2822	391
ma101107_rel.cz11apur1_bee	79404	98826	1064	1170	3328	591	3088	479	2831	394
ma101107_rel.cz11b_bee	77768	98765	961	1027	3326	579	3074	450	2500	354
ma101107_rel.cz11d_bee	78647	98985	1340	1701	3321	592	3189	514	3086	463
ma110401_rel.cz11b_bee	76431	97931	978	1081	3393	579	3098	460	2584	367
ma110401_rel.cz11bpur1_bee	77783	97811	1013	1075	3353	586	3085	464	2586	369
ma110401_rel.cz11c_bee	75636	97943	795	830	3375	487	3213	369	3022	281
my5651_rel.cz11a_bee	93930	84034	1043	1132	5230	641	4758	512	3974	391
my5744_rel.cz11a_bee	81004	110026	1596	1842	3976	642	4118	556	4254	515
my5744_rel.cz11apur1_bee	81649	109890	1724	1992	3956	642	4099	570	4232	517
my8036_rel.cz11a_bee	55559	104657	1715	1855	3694	616	3891	554	4033	514
my8036_rel.cz11apur1_bee	55737	103399	1704	1838	3671	615	3867	555	4051	511
my8036_rel.cz11d_bee	55811	106256	1450	1575	3736	610	3929	557	4066	515
