ma100244_rel.cz11a_bee	100	100	499	499	998	999
ma100244_rel.cz11apur1_bee	100	100	499	499	998	999
ma100339_rel.cz11a_bee	100	100	499	499	999	999
ma100339_rel.cz11apur1_bee	100	100	499	499	998	999
ma100433_rel.cz11a_bee	100	100	499	499	999	999
ma100433_rel.cz11apur1_bee	100	100	499	499	998	996
ma100524_rel.cz11a_bee	100	100	499	499	998	999
ma100524_rel.cz11apur1_bee	100	100	499	499	998	999
ma100617_rel.cz11a_bee	100	100	499	499	999	999
ma100617_rel.cz11apur1_bee	100	100	499	499	998	996
ma101107_rel.cz11a_bee	100	100	499	499	999	998
ma101107_rel.cz11apur1_bee	100	100	499	499	999	998
ma101107_rel.cz11b_bee	100	100	499	499	999	999
ma101107_rel.cz11c_bee	100	100	499	499	984	948
ma101107_rel.cz11d_bee	100	100	499	499	998	999
ma110401_rel.cz11b_bee	100	100	499	499	999	999
ma110401_rel.cz11bpur1_bee	100	100	499	499	999	999
ma110401_rel.cz11c_bee	100	100	499	499	993	982
my5651_rel.cz11a_bee	100	100	499	499	999	999
my5744_rel.cz11a_bee	100	100	499	499	998	999
my5744_rel.cz11apur1_bee	100	100	499	499	998	999
my8036_rel.cz11a_bee	100	100	499	499	998	999
my8036_rel.cz11apur1_bee	100	100	499	499	998	999
my8036_rel.cz11b_bee	99	99	104	136	132	173
my8036_rel.cz11c_bee	70	55	57	55	62	70
my8036_rel.cz11d_bee	100	100	499	499	998	998
pg162_def.cx9a2_bee	100	100	499	499	998	923
