ma100244_rel_withdbg.cz11a_c8r32	157698	150972	2053	2481	8317	865	8066	691	7986	638
ma100339_rel_withdbg.cz11a_c8r32	143343	149421	2022	2427	8176	860	7815	689	7777	593
ma100434_rel_withdbg.cz11a_c8r32	141318	150263	1973	2410	7791	850	7514	682	7343	592
ma100526_rel_withdbg.cz11a_c8r32	146199	130612	2071	2481	7776	844	7583	716	7404	633
ma100527_rel_withdbg.cz11a_c8r32	149505	132079	2000	2415	7960	880	7632	737	7405	636
ma100619_rel_withdbg.cz11a_c8r32	148285	131774	2005	2381	7738	867	7335	750	6924	680
ma100619_rel_withdbg.cz11a_lwas4k_c8r32	148478	129053	1979	2353	7798	865	7326	749	6976	681
ma100620_rel_withdbg.cz11a_c8r32	140795	128721	1918	2309	7880	901	7476	773	7220	697
ma100620_rel_withdbg.cz11a_lwas4k_c8r32	149672	130293	1939	2347	7831	910	7443	777	7203	700
ma101109_rel_withdbg.cz11a_c8r32	139811	128742	2001	2315	7799	867	7373	749	6944	681
ma101109_rel_withdbg.cz11a_lwas4k_c8r32	147574	127653	2006	2381	7713	868	7237	750	6906	683
ma101110_rel_withdbg.cz11a_c8r32	142755	128370	2036	2252	7800	880	7412	755	7157	681
ma101110_rel_withdbg.cz11a_lwas4k_c8r32	149309	128555	1954	2304	7777	907	7399	774	7149	700
ma110403_rel_withdbg.cz11b_c8r32	140696	126123	1638	1773	7766	851	7202	707	6578	606
ma110403_rel_withdbg.cz11b_lwas4k_c8r32	148671	126223	1639	1835	7756	848	7175	704	6962	608
ma110404_rel_withdbg.cz11b_c8r32	145959	126964	1613	2066	7761	906	7373	765	6817	645
ma110404_rel_withdbg.cz11b_lwas4k_c8r32	151372	128700	1623	1934	7790	896	7330	734	6919	628
ma110502_rel_withdbg.cz11b_c8r32	133400	127755	1649	1776	7404	838	7062	697	6378	599
ma110502_rel_withdbg.cz11b_lwas4k_c8r32	139155	127755	1652	1802	7440	838	6970	697	6412	598
ma110601_rel_withdbg.cz11b_c8r32	133556	128267	1637	1757	7435	833	6920	696	6393	598
ma110601_rel_withdbg.cz11b_lwas4k_c8r32	139616	128041	1644	1828	7470	838	6912	697	6405	598
ma110602_rel_withdbg.cz11b_c8r32	137457	127085	1641	1894	7436	860	7052	712	6654	612
ma110602_rel_withdbg.cz11b_lwas4k_c8r32	141293	127267	1647	1946	7309	870	6921	722	6556	618
ma110700_rel_withdbg.cz11b_c8r32	136333	128267	1649	1901	7536	853	7115	711	6744	608
ma110700_rel_withdbg.cz11b_lwas4k_c8r32	142172	128411	1641	1957	7529	876	7054	724	6708	622
ma110701_rel_withdbg.cz11b_c8r32	135158	126442	1695	1898	7435	853	6941	705	6621	607
ma110701_rel_withdbg.cz11b_lwas4k_c8r32	141093	126843	1649	1934	7454	870	6965	719	6700	617
my5744_rel_o2nofp.cz11a_c8r32	151572	149841	2300	3135	8720	897	8568	708	8470	653
my8040_rel_o2nofp.cz11a_c8r32	105876	287047	2398	3311	8149	868	8052	732	7928	652
