ma100244_rel_withdbg.cz11a_c8r32	100	100	499	499	999	999
ma100339_rel_withdbg.cz11a_c8r32	100	100	499	499	999	999
ma100434_rel_withdbg.cz11a_c8r32	100	100	499	499	999	999
ma100526_rel_withdbg.cz11a_c8r32	100	100	499	499	999	999
ma100527_rel_withdbg.cz11a_c8r32	100	100	499	499	999	999
ma100619_rel_withdbg.cz11a_c8r32	100	100	499	499	999	999
ma100619_rel_withdbg.cz11a_lwas4k_c8r32	100	100	499	499	999	999
ma100620_rel_withdbg.cz11a_c8r32	100	100	499	499	999	999
ma100620_rel_withdbg.cz11a_lwas4k_c8r32	100	100	499	499	999	999
ma101109_rel_withdbg.cz11a_c8r32	100	100	499	499	999	999
ma101109_rel_withdbg.cz11a_lwas4k_c8r32	100	100	499	499	999	999
ma101110_rel_withdbg.cz11a_c8r32	100	100	499	499	999	999
ma101110_rel_withdbg.cz11a_lwas4k_c8r32	100	100	499	499	999	999
ma110403_rel_withdbg.cz11b_c8r32	100	100	499	499	999	999
ma110403_rel_withdbg.cz11b_lwas4k_c8r32	100	100	499	499	999	999
ma110404_rel_withdbg.cz11b_c8r32	100	100	499	499	999	999
ma110404_rel_withdbg.cz11b_lwas4k_c8r32	100	100	499	499	999	997
ma110502_rel_withdbg.cz11b_c8r32	100	100	499	499	999	999
ma110502_rel_withdbg.cz11b_lwas4k_c8r32	100	100	499	499	999	999
ma110601_rel_withdbg.cz11b_c8r32	100	100	499	499	999	999
ma110601_rel_withdbg.cz11b_lwas4k_c8r32	100	100	499	499	999	999
ma110602_rel_withdbg.cz11b_c8r32	100	100	499	499	999	999
ma110602_rel_withdbg.cz11b_lwas4k_c8r32	100	100	499	499	999	999
ma110700_rel_withdbg.cz11b_c8r32	100	100	499	499	999	998
ma110700_rel_withdbg.cz11b_lwas4k_c8r32	100	100	499	499	999	999
ma110701_rel_withdbg.cz11b_c8r32	100	100	499	499	999	999
ma110701_rel_withdbg.cz11b_lwas4k_c8r32	100	100	499	499	999	999
my5744_rel_o2nofp.cz11a_c8r32	100	100	499	499	999	999
my8040_rel_o2nofp.cz11a_c8r32	100	100	499	499	999	999
