500m.my5649.cy8	110278	71392	5045	765	853	882	881	890	889
500m.my5735.cy8	107782	115979	5698	800	881	907	920	919	911
500m.my8020.cy8	75278	112915	3912	727	762	760	764	741	747
500m.my8022.cy8	75700	107827	4310	872	926	956	968	949	946
500m.my8023.cy8	76958	107433	5482	896	937	982	967	958	963
500m.my8026.cy8	75030	109791	5559	891	945	963	970	979	963
500m.my8027.cy8	75290	108529	6042	865	935	977	973	964	952
500m.pg124.cx5	102627	222960	2520	7547	7580	7511	7532	7483	7453
500m.pg134.cx5	106975	244548	2529	7626	7588	7589	7555	7522	7476
500m.pg140.cx5	100990	241244	2481	7563	7545	7509	7487	7460	7374
500m.fbmy5635.cx9a	106270	101502	41667	5044	5008	4965	4949	4880	4815
500m.fbmy8020.cx9a	75030	96544	34602	4531	4473	4447	4454	4464	4446
500m.fbmy5635.cx9a0	107550	101255	41841	4991	4909	4770	4916	4746	4820
500m.fbmy5635.cx9a1	106112	102458	41494	5022	4994	4840	5019	4730	4860
500m.fbmy5635.cx9a2	106315	103007	41841	5016	4974	4801	5023	4747	4856
500m.fbmy5635.cx13a	104800	102944	41841	4976	4980	4930	4906	4830	4756
500m.fbmy5635.cx13b	108015	104865	42194	5012	5027	4959	4924	4876	4794
