my5649.cy8	100	200	399	599	798	999
my5735.cy8	100	200	399	599	799	998
my8020.cy8	100	200	400	599	799	999
my8022.cy8	100	200	399	599	799	998
my8023.cy8	100	200	399	599	799	999
my8026.cy8	100	200	399	599	799	998
my8027.cy8	100	200	399	599	799	999
pg124.cx5	100	200	399	599	799	999
pg134.cx5	100	200	399	599	799	999
pg140.cx5	100	200	399	599	799	998
fbmy5635.cx9a	100	200	399	599	799	998
fbmy8020.cx9a	100	200	399	599	799	998
fbmy5635.cx9a0	100	200	399	599	799	998
fbmy5635.cx9a1	100	200	399	599	799	998
fbmy5635.cx9a2	100	200	399	599	799	998
fbmy5635.cx13a	100	200	399	599	799	998
fbmy5635.cx13b	100	200	399	599	799	998
