ma100244_rel_withdbg.cz12a_c32r128	720072	1497006	7388	4375	205319	18348	6618	7508	15923	7890
ma100339_rel_withdbg.cz12a_c32r128	474046	1521491	7154	5848	110132	18600	116549	9008	116054	9263
ma100434_rel_withdbg.cz12a_c32r128	479099	1497006	7121	5821	96421	18150	29444	9092	32957	8998
ma100529_rel_withdbg.cz12a_c32r128	324386	1631987	6084	7639	174907	17220	129916	5315	137830	5163
ma100624_rel_withdbg.cz12a_c32r128	321002	1570475	9558	8058	198465	19902	156189	8301	108885	8828
ma100624_rel_withdbg.cz12a_cb_c32r128	318522	1571092	14493	11331	207607	19731	183467	12961	140492	13190
ma101115_rel_withdbg.cz12a_c32r128	1376936	1568012	8495	8190	205853	19307	147602	5335	106800	7728
ma110409_rel_withdbg.cz12b_c32r128	950344	1558239	8125	8613	211249	19441	147906	5075	101699	7301
ma110805_rel_withdbg.cz12b_c32r128	931749	1620089	8166	8795	210309	19532	150748	5177	103015	7755
ma120102_rel_withdbg.cz12b_c32r128	940070	1598082	8156	8595	203656	19441	148025	5213	103026	7600
ma120201_rel_withdbg.cz12b_c32r128	947194	1573564	8193	8540	206808	19379	149027	5275	102838	7703
