ma100244_rel_withdbg.cz12a_c32r128	1987	1987	590	4741	826	5478
ma100339_rel_withdbg.cz12a_c32r128	1987	1987	7888	5494	6630	5976
ma100434_rel_withdbg.cz12a_c32r128	1987	1987	2211	5621	2110	5841
ma100529_rel_withdbg.cz12a_c32r128	1987	1987	6073	4017	6516	3954
ma100624_rel_withdbg.cz12a_c32r128	1987	1987	9936	9451	9082	7324
ma100624_rel_withdbg.cz12a_cb_c32r128	1987	1987	9936	9936	17033	8210
ma101115_rel_withdbg.cz12a_c32r128	1987	1987	9936	5906	7637	6253
ma110409_rel_withdbg.cz12b_c32r128	1987	1987	9934	5729	7580	5873
ma110805_rel_withdbg.cz12b_c32r128	1987	1988	9936	5848	7774	6304
ma120102_rel_withdbg.cz12b_c32r128	1987	1987	9934	5947	7744	6196
ma120201_rel_withdbg.cz12b_c32r128	1987	1987	9934	6046	7680	6300
