my8033_rel_lto.cy10a_gcp_c2s30	695531	629838	23567	4894	4763	4154
my8033_rel_lto.cy10a2_gcp_c2s30	689299	574479	22788	4886	4811	4209
my8033_rel_lto.cy10a7_gcp_c2s30	691922	546089	25323	4982	4832	4202
my8033_rel_lto.cy10a10_gcp_c2s30	691443	625994	21483	4024	3877	3450
my8033_rel_lto.cy10a12_gcp_c2s30	689180	634131	22283	4902	4748	4017
my8033_rel_lto.cy10a17_gcp_c2s30	680735	654895	29573	4829	4832	4487
my8033_rel_lto.cy10a18_gcp_c2s30	672156	604701	23798	4810	4646	3986
my8033_rel_lto.cy10a21_gcp_c2s30	689655	576383	5439	4320	3816	2554
ps8033_rel_lto.cy10aps1_gcp_c2s30	691563	573656	26679	4748	4773	4341
ps8033_rel_lto.cy10aps2_gcp_c2s30	698080	585495	26938	4767	4762	4326
