my8033_rel_lto.cy10a_gcp_c2s30	790	3978	7952
my8033_rel_lto.cy10a2_gcp_c2s30	791	3978	7952
my8033_rel_lto.cy10a7_gcp_c2s30	790	3978	7952
my8033_rel_lto.cy10a10_gcp_c2s30	792	3979	7962
my8033_rel_lto.cy10a12_gcp_c2s30	792	3979	7954
my8033_rel_lto.cy10a13_gcp_c2s30	798	3992	6013
my8033_rel_lto.cy10a17_gcp_c2s30	796	3986	7972
my8033_rel_lto.cy10a18_gcp_c2s30	789	3977	7951
my8033_rel_lto.cy10a20_gcp_c2s30	798	3992	6261
my8033_rel_lto.cy10a21_gcp_c2s30	798	3992	7987
my8033_rel_lto.cy10a22_gcp_c2s30	798	3993	7227
ps8033_rel_lto.cy10aps1_gcp_c2s30	790	3977	7955
ps8033_rel_lto.cy10aps2_gcp_c2s30	790	3980	7958
