fbmy5635_rel_202104072149.cy9c5_gcp_c2s30	617761	727727	89797	37380	36374	35236
fbmy5635_rel_202203072101.cy9c5_gcp_c2s30	608365	737788	88334	37141	36160	34858
fbmy5635_rel_202205192101.cy9c5_gcp_c2s30	608365	737788	87303	36405	35587	34424
fbmy5635_rel_202208092101.cy9c5_gcp_c2s30	599251	741204	87117	36816	35738	34686
fbmy5635_rel_202210112144.cy9c5_gcp_c2s30	606061	748131	87734	36481	35436	34240
fbmy5635_rel_202302162102.cy9c5_gcp_c2s30	645161	714732	86221	36164	34741	33346
fbmy5635_rel_202304122154.cy9c5_gcp_c2s30	642570	721171	86575	36418	35049	33421
fbmy5635_rel_202305292102.cy9c5_gcp_c2s30	634921	714732	86290	36291	35221	33780
fbmy5635_rel_20230529_832.cy9c5_gcp_c2s30	650406	724434	88466	35674	34647	33012
fbmy5635_rel_20230529_843.cy9c5_gcp_c2s30	637450	731050	89087	35591	34506	33003
fbmy5635_rel_20230529_850.cy9c5_gcp_c2s30	642570	724434	89963	35548	34484	32960
