pg1222_o2nofp.cx10a_c32r128	2058672	2147075	22529	3184	361060	6398	306152	3826	153763	1989
pg1322_o2nofp.cx10a_c32r128	1992032	2791347	21816	2778	365514	6536	306254	3837	151075	1957
pg1323_o2nofp.cx10a_c32r128	2025316	2735978	20450	3372	343541	6540	289408	3816	144708	1959
pg1419_o2nofp.cx10a_c32r128	1969473	2758621	22210	3141	370726	6602	309620	3863	151319	1992
pg1420_o2nofp.cx10a_c32r128	1986097	2793296	22051	2869	346912	6591	289071	3847	142684	1964
pg1514_o2nofp.cx10a_c32r128	1983143	2633311	22618	2799	371771	6424	310019	3983	152278	1956
pg1515_o2nofp.cx10a_c32r128	1993024	2647254	22087	2896	345942	6490	290091	3887	144307	1945
pg1610_o2nofp.cx10a_c32r128	1995012	2814919	22428	2483	366855	7014	305124	4222	152780	2084
pg1611_o2nofp.cx10a_c32r128	2002002	2791347	22057	2597	343245	6901	285527	4039	143551	2052
pg176_o2nofp.cx10a_c32r128	2019182	3361345	22554	2541	368771	7137	302080	4206	145592	2130
pg177_o2nofp.cx10a_c32r128	2027369	3341688	22415	2437	344865	6972	286298	3963	139108	2090
pg180_o2nofp.cx10b_c32r128	2117522	3454232	22637	2572	366335	7212	304725	4132	149143	2301
pg180_o2nofp.cx10c_c32r128	2055498	3327787	22334	2562	363521	7250	301652	3954	148174	2302
pg180_o2nofp.cx10d_c32r128	2082249	3633061	22896	2560	360003	7034	299926	4018	146620	2353
pg181_o2nofp.cx10b_c32r128	2073613	3319502	22516	2486	341583	6905	283872	4087	140474	2294
pg181_o2nofp.cx10b_walsize_c32r128	2124270	3395586	22586	2683	340723	6992	282274	4147	140754	2297
pg181_o2nofp.cx10c_c32r128	2057613	3289474	22008	2594	342782	7169	284684	3953	141938	2280
pg181_o2nofp.cx10d_c32r128	2083333	3623188	22278	2431	346331	6943	287695	4053	143403	2325
