pg1222_o2nofp.cx10a_c32r128	1988	1987	9885	9317	16725	15003
pg1322_o2nofp.cx10a_c32r128	1987	1986	9882	9431	16713	14548
pg1323_o2nofp.cx10a_c32r128	1987	1987	9860	9343	16536	14688
pg1419_o2nofp.cx10a_c32r128	1987	1987	9868	9360	16461	15203
pg1420_o2nofp.cx10a_c32r128	1987	1987	9885	9353	16371	14736
pg1514_o2nofp.cx10a_c32r128	1987	1986	9882	9402	17062	14724
pg1515_o2nofp.cx10a_c32r128	1987	1987	9874	9409	17013	14703
pg1610_o2nofp.cx10a_c32r128	1987	1987	9920	9574	16011	13616
pg1611_o2nofp.cx10a_c32r128	1987	1987	9896	9426	15940	13284
pg176_o2nofp.cx10a_c32r128	1987	1987	9898	9577	15943	13539
pg177_o2nofp.cx10a_c32r128	1987	1987	9912	9259	15731	13425
pg180_o2nofp.cx10b_c32r128	1987	1987	9912	9464	15772	14466
pg180_o2nofp.cx10c_c32r128	1987	1987	9912	9439	15748	14255
pg180_o2nofp.cx10d_c32r128	1987	1987	9909	9252	16039	14548
pg181_o2nofp.cx10b_c32r128	1987	1987	9904	9501	15873	14165
pg181_o2nofp.cx10b_walsize_c32r128	1987	1987	9890	9574	15880	14323
pg181_o2nofp.cx10c_c32r128	1987	1987	9901	9319	15584	14098
pg181_o2nofp.cx10d_c32r128	1987	1987	9901	9451	15738	14452
