my5621_rel.cz10a_gcp_c2s30	792079	610687	90549	24930	78402	66094	79412	64775	78534	63656
my5631_rel.cz10a_gcp_c2s30	769231	590406	88889	38314	79102	65503	78008	63364	76865	62903
my5641_rel.cz10a_gcp_c2s30	765550	601504	89410	38259	79506	65713	78237	63300	77339	62894
my5651_rel.cz10a_gcp_c2s30	769231	603774	89510	38480	78677	65915	78153	63678	78333	63461
my5710_rel.cz10a_gcp_c2s30	747664	1176471	122558	46163	72404	60829	70614	59290	69497	57782
my5711_rel.cz10a_gcp_c2s30	733945	1185186	123839	50518	72653	61338	71180	59694	70007	58097
my5720_rel.cz10a_gcp_c2s30	740741	1185186	121396	50955	71937	60637	70069	59058	69539	57666
my5730_rel.cz10a_gcp_c2s30	747664	1176471	121812	51020	71759	60524	70009	59037	68804	57753
my5743_rel.cz10a_gcp_c2s30	754717	1167884	121998	50955	70730	59834	68994	58356	67771	56966
my8013_rel.cz10a_gcp_c2s30	707965	1185186	95636	48485	66893	51878	64577	50268	62649	48453
my8014_rel.cz10a_gcp_c2s30	701754	1167884	95323	48222	66940	52134	64625	50422	62490	48768
my8020_rel.cz10a_gcp_c2s30	707965	377359	93240	47534	64310	50150	62553	49033	60754	47341
my8028_rel.cz10a_gcp_c2s30	704846	888889	107418	50955	61014	50558	59428	49344	58150	48072
my8035_rel.cz10a_gcp_c2s30	663900	846561	101298	48368	67292	47245	65703	45944	63901	44728
