my5621_rel.cz10a_gcp_c2s30	794	794	3967	3967	7947	7947
my5631_rel.cz10a_gcp_c2s30	793	794	3970	3970	7940	7940
my5641_rel.cz10a_gcp_c2s30	794	794	3970	3967	7940	7940
my5651_rel.cz10a_gcp_c2s30	794	794	3970	3967	7940	7947
my5710_rel.cz10a_gcp_c2s30	794	794	3967	3967	7947	7947
my5711_rel.cz10a_gcp_c2s30	794	794	3970	3967	7940	7934
my5720_rel.cz10a_gcp_c2s30	794	794	3967	3970	7947	7940
my5730_rel.cz10a_gcp_c2s30	793	794	3970	3970	7940	7934
my5743_rel.cz10a_gcp_c2s30	793	794	3970	3970	7940	7940
my8013_rel.cz10a_gcp_c2s30	794	794	3967	3970	7947	7947
my8014_rel.cz10a_gcp_c2s30	794	793	3970	3970	7940	7940
my8020_rel.cz10a_gcp_c2s30	794	794	3967	3970	7947	7947
my8028_rel.cz10a_gcp_c2s30	794	794	3967	3967	7947	7947
my8035_rel.cz10a_gcp_c2s30	794	794	3970	3970	7940	7940
