pg152_o2_nofp.cx8_bee	71942	233721	11168	8273	8220	8114
pg153_o2_nofp.cx8_bee	72202	239286	12531	8309	8211	8034
pg152_o2_nofp.cx8a1_bee	72202	236470	11064	8230	8124	8074
pg153_o2_nofp.cx8a1_bee	72464	236470	12706	8305	8266	8072
pg152_o2_nofp.cx8a10_bee	71942	236470	11112	8341	8188	8050
pg153_o2_nofp.cx8a10_bee	71942	239286	12423	8304	8092	7991
pg152_o2_nofp.cx8a12_bee	72202	245122	10979	8138	8042	7964
pg153_o2_nofp.cx8a12_bee	72202	242169	12723	8248	8100	7981
pg152_o2_nofp.cx8a15_bee	72727	239286	10900	8171	8130	7971
pg153_o2_nofp.cx8a15_bee	72464	239286	12524	8260	8223	8158
pg152_o2_nofp.cx8a16_bee	72727	239286	22763	8122	8155	8001
pg153_o2_nofp.cx8a16_bee	71174	239286	24163	8239	8070	8068
pg152_o2_nofp.cx8a24_bee	72993	239286	10916	8184	8078	7939
pg153_o2_nofp.cx8a24_bee	71684	239286	12686	8418	8174	8040
pg152_o2_nofp.cx8a25_bee	72993	239286	9496	8226	8174	8000
pg153_o2_nofp.cx8a25_bee	72464	239286	11421	8119	7914	8024
