pg1219_o2nofp.cx10a_c24r64	1004907	1139043	27004	1844	101810	4920	95876	4236	78910	3447
pg1220_o2nofp.cx10a_c24r64	1002938	1144134	29795	2936	101274	4904	94624	4228	78645	3437
pg1315_o2nofp.cx10a_c24r64	1009862	1257985	28674	1902	100642	4819	95154	4142	78280	3365
pg1316_o2nofp.cx10a_c24r64	997079	1326425	26359	2181	100536	4823	94936	4130	78196	3363
pg1412_o2nofp.cx10a_c24r64	982726	1347368	26578	1679	102049	4874	95410	4229	78405	3482
pg1413_o2nofp.cx10a_c24r64	963311	1345598	29091	1697	101116	4803	94783	4130	77920	3358
pg157_o2nofp.cx10a_c24r64	988417	1358090	27610	1760	100858	4986	94189	4303	78228	3520
pg158_o2nofp.cx10a_c24r64	996109	1349144	27027	2318	100504	4978	94238	4308	77772	3515
pg163_o2nofp.cx10a_c24r64	993210	1359894	26711	2178	101006	4994	93926	4302	78383	3498
pg164_o2nofp.cx10a_c24r64	1000000	1365333	27165	2667	100121	4980	93965	4290	77462	3474
pg17beta1_o2nofp.cx10a_c24r64	953445	1430168	25995	1368	100879	4982	94054	4284	76694	3494
pg17beta2_o2nofp.cx10a_c24r64	955224	1434174	24883	2429	100578	4971	93764	4276	76772	3479
pg17beta3_o2nofp.cx10a_c24r64	965127	1422222	23792	1870	102294	4982	95553	4269	77928	3476
