pg1219_o2nofp.cx10a_c24r64	796	796	3980	3980	7960	7960
pg1220_o2nofp.cx10a_c24r64	796	796	3980	3980	7960	7960
pg1315_o2nofp.cx10a_c24r64	796	796	3980	3980	7960	7960
pg1316_o2nofp.cx10a_c24r64	796	796	3980	3980	7960	7960
pg1412_o2nofp.cx10a_c24r64	796	796	3980	3978	7960	7960
pg1413_o2nofp.cx10a_c24r64	796	796	3980	3980	7960	7960
pg157_o2nofp.cx10a_c24r64	796	796	3978	3980	7960	7960
pg158_o2nofp.cx10a_c24r64	796	796	3980	3978	7960	7960
pg163_o2nofp.cx10a_c24r64	796	796	3978	3980	7960	7960
pg164_o2nofp.cx10a_c24r64	796	796	3980	3980	7960	7960
pg17beta1_o2nofp.cx10a_c24r64	796	796	3980	3978	7960	7960
pg17beta2_o2nofp.cx10a_c24r64	796	796	3978	3980	7960	7960
pg17beta3_o2nofp.cx10a_c24r64	796	796	3978	3980	7960	7960
