my8013_rel.cy10a_bee	65816	105666	1730	903	1046	934
my8014_rel.cy10a_bee	66884	102867	1616	912	1029	945
my8015_rel.cy10a_bee	67058	103212	1613	931	1037	952
my8016_rel.cy10a_bee	65306	101587	1634	905	1033	945
my8017_rel.cy10a_bee	66451	101432	1631	933	1043	942
my8018_rel.cy10a_bee	65248	102171	1613	937	1035	936
my8019_rel.cy10a_bee	60721	102511	1640	934	1035	941
my8020_rel.cy10a_bee	62083	102432	1746	979	1067	975
my8021_rel.cy10a_bee	60999	102054	1743	977	1065	978
my8022_rel.cy10a_bee	59657	94844	1659	952	1058	958
my8023_rel.cy10a_bee	60373	97100	1749	935	1032	934
my8024_rel.cy10a_bee	59876	101023	1790	938	1033	935
my8025_rel.cy10a_bee	59418	101484	1784	927	1024	924
my8026_rel.cy10a_bee	60980	101189	1799	934	1026	927
my8027_rel.cy10a_bee	60864	113845	1836	949	1039	944
my8028_rel.cy10a_bee	61896	114186	1838	959	1053	958
my8030_rel.cy10a_bee	56726	108842	1748	934	1032	934
my8031_rel.cy10a_bee	56907	107670	1729	926	1028	929
my8032_rel.cy10a_bee	54488	106623	1723	920	1020	921
my8033_rel.cy10a_bee	53626	107065	1707	922	1018	918
my8034_rel.cy10a_bee	54866	106142	1743	929	1022	924
