pg9023_def.cx9a2_bee	60790	137932	6856	2839	7674	3116	7154	3395	6942	3537
pg9124_def.cx9a2_bee	61350	138890	8326	2563	7922	3128	7460	3418	7288	3553
pg9224_def.cx9a2_bee	59524	141845	8598	2423	8898	3610	7956	3634	8045	3677
pg9325_def.cx9a2_bee	60423	139861	8556	2690	8528	3558	7791	3529	7773	3555
pg9426_def.cx9a2_bee	66007	125787	8316	2742	8400	3598	7689	3579	7698	3586
pg9525_def.cx9a2_bee	66890	141845	14215	2395	8483	3592	7773	3566	7588	3581
pg9624_def.cx9a2_bee	63898	200001	13699	2222	8439	3502	7853	3542	7847	3538
pg1023_def.cx9a2_bee	64309	229886	21345	3189	8237	3539	7820	3567	7697	3532
pg1122_def.cx9a2_bee	74349	219781	19389	3276	8746	3557	8191	3595	8193	3554
pg1217_def.cx9a2_bee	72727	219781	21552	6468	8833	3493	8629	3538	8456	3534
pg1313_def.cx9a2_bee	74906	217392	20030	4446	9199	3553	8545	3535	8581	3558
pg1410_def.cx9a2_bee	72727	217392	23613	6944	9012	3470	8386	3475	8567	3476
pg155_def.cx9a2_bee	75188	224720	20866	6289	8717	3437	8332	3481	8539	3454
pg161_def.cx9a2_bee	74627	235295	23613	6203	8918	3463	8649	3502	8825	3466
