my8013_rel.cy10a_bee	69444	140559	16667	3438	3522	3568
my8014_rel.cy10a_bee	68493	138621	17756	3434	3400	3413
my8015_rel.cy10a_bee	68728	138621	17705	3353	3367	3437
my8016_rel.cy10a_bee	69444	136735	18057	3405	3376	3423
my8017_rel.cy10a_bee	69930	135811	17870	3245	3297	3357
my8018_rel.cy10a_bee	68966	134000	17992	3328	3383	3417
my8019_rel.cy10a_bee	66007	134000	17606	3354	3328	3356
my8020_rel.cy10a_bee	64102	135811	17606	3321	3306	3362
my8021_rel.cy10a_bee	64725	134899	17813	3283	3250	3260
my8022_rel.cy10a_bee	62500	128846	18567	3241	3191	3227
my8023_rel.cy10a_bee	61350	131372	18382	2895	2897	2913
my8024_rel.cy10a_bee	63091	134000	18282	2900	2867	2908
my8025_rel.cy10a_bee	61350	134000	17940	2869	2855	2881
my8026_rel.cy10a_bee	62893	133112	19004	2875	2832	2855
my8027_rel.cy10a_bee	63291	155814	19069	2871	2880	2897
my8028_rel.cy10a_bee	63492	155814	19077	3100	3062	3124
my8030_rel.cy10a_bee	59347	148889	16949	2876	2872	2894
my8031_rel.cy10a_bee	59524	144604	16932	2864	2836	2858
my8032_rel.cy10a_bee	56180	143571	16469	2822	2816	2829
my8033_rel.cy10a_bee	55710	143571	16415	2794	2753	2762
my8034_rel.cy10a_bee	55710	141549	16773	2860	2852	2891
