my8013_rel.cy10a_bee	100	499	998
my8014_rel.cy10a_bee	100	499	998
my8015_rel.cy10a_bee	100	499	997
my8016_rel.cy10a_bee	100	499	998
my8017_rel.cy10a_bee	100	499	998
my8018_rel.cy10a_bee	100	499	998
my8019_rel.cy10a_bee	100	499	997
my8020_rel.cy10a_bee	100	499	997
my8021_rel.cy10a_bee	100	499	998
my8022_rel.cy10a_bee	100	499	998
my8023_rel.cy10a_bee	100	499	998
my8024_rel.cy10a_bee	100	499	998
my8025_rel.cy10a_bee	100	499	998
my8026_rel.cy10a_bee	100	499	998
my8027_rel.cy10a_bee	100	499	998
my8028_rel.cy10a_bee	100	498	998
my8030_rel.cy10a_bee	100	499	998
my8031_rel.cy10a_bee	100	499	998
my8032_rel.cy10a_bee	100	499	998
my8033_rel.cy10a_bee	100	499	997
my8034_rel.cy10a_bee	100	499	998
