ma100244_rel.cz11a_c8r32	170068	247525	30052	17857	8939	7689	8886	7600	8816	7495
ma100244_rel.cz11apur1_c8r32	179856	246306	33389	20618	9051	7792	8943	7707	8938	7611
ma100339_rel.cz11a_c8r32	154321	235850	30257	17730	8619	7382	8604	7309	8508	7286
ma100339_rel.cz11apur1_c8r32	158228	238096	34100	20704	8760	7496	8716	7349	8618	7377
ma100433_rel.cz11a_c8r32	155763	239235	30558	17606	8412	7109	8319	7034	8216	7038
ma100433_rel.cz11apur1_c8r32	159744	238096	34014	20161	8412	7209	8420	7196	8416	7056
ma100524_rel.cz11a_c8r32	155763	203252	38204	21552	8304	7234	8283	7193	8234	7204
ma100524_rel.cz11apur1_c8r32	159744	204082	40040	23981	8332	7230	8175	7197	8206	7168
ma100617_rel.cz11a_c8r32	160772	204918	35180	24154	8251	7244	8187	7176	8210	7134
ma100617_rel.cz11apur1_c8r32	160772	204918	35587	24510	8276	7218	8246	7177	8330	7205
ma101107_rel.cz11a_c8r32	157729	201613	34100	22522	8210	7125	8126	7128	8156	7027
ma101107_rel.cz11apur1_c8r32	158228	201613	34335	22573	8238	7129	8296	7095	8190	7094
ma110401_rel.cz11b_c8r32	160772	200000	31521	21739	8213	7173	8276	7141	8238	7110
ma110401_rel.cz11bpur1_c8r32	161812	200000	31620	21882	8315	7135	8356	7149	8316	7113
my5651_rel.cz11a_c8r32	174216	179212	29895	21142	10706	8446	10693	8495	10766	8592
my5744_rel.cz11a_c8r32	150602	221239	31671	21142	9031	7503	9036	7420	8942	7433
my5744_rel.cz11apur1_c8r32	157233	222223	36199	23095	9074	7573	9056	7514	9074	7508
my8036_rel.cz11a_c8r32	98039	255102	29218	17668	8079	6002	8106	5985	8081	6006
my8036_rel.cz11apur1_c8r32	108696	259068	30960	18349	8207	6109	8146	6099	8230	6095
pg162_def.cx9a2_c8r32	138122	367648	10325	1182	15063	5712	14074	5696	13754	5689
