ma100244_rel.cz11a_c8r32	100	100	499	499	999	999
ma100244_rel.cz11apur1_c8r32	100	100	499	499	999	999
ma100339_rel.cz11a_c8r32	100	100	499	499	999	999
ma100339_rel.cz11apur1_c8r32	100	100	499	499	999	999
ma100433_rel.cz11a_c8r32	100	100	499	499	999	999
ma100433_rel.cz11apur1_c8r32	100	100	499	499	999	999
ma100524_rel.cz11a_c8r32	100	100	499	500	999	999
ma100524_rel.cz11apur1_c8r32	100	100	499	499	999	999
ma100617_rel.cz11a_c8r32	100	100	499	499	999	999
ma100617_rel.cz11apur1_c8r32	100	100	499	499	999	999
ma101107_rel.cz11a_c8r32	100	100	499	499	999	999
ma101107_rel.cz11apur1_c8r32	100	100	499	499	999	999
ma110401_rel.cz11b_c8r32	100	100	499	499	999	999
ma110401_rel.cz11bpur1_c8r32	100	100	499	499	999	999
my5651_rel.cz11a_c8r32	100	100	499	499	999	999
my5744_rel.cz11a_c8r32	100	100	499	499	999	999
my5744_rel.cz11apur1_c8r32	100	100	499	499	999	999
my8036_rel.cz11a_c8r32	100	100	499	499	999	999
my8036_rel.cz11apur1_c8r32	100	100	499	499	999	999
pg162_def.cx9a2_c8r32	100	100	499	499	998	999
