fbmy5635_202210112144.cy9c5_u	594796	1395640	66552	102800	96915	85967
fbmy5635_20221011_732.cy9c5_u	594059	1412059	66130	102512	96732	86586
fbmy5635_20221011_743.cy9c5_u	592592	1403801	66025	102028	96348	85504
fbmy5635_20221011_745.cy9c5_u	593325	1403801	66280	102295	96336	85582
fbmy5635_20221011_750.cy9c5_u	583942	1424629	62357	102966	96444	86182
fbmy5635_20221011_751.cy9c5_u	592592	1407918	62186	102206	95693	86118
fbmy5635_20221011_752.cy9c5_u	590406	1399708	62830	102375	95755	86111
fbmy5635_20221011_753.cy9c5_u	583942	1412059	62979	102077	95403	86213
fbmy5635_20221011_754.cy9c5_u	583942	1424629	63158	102332	95906	85841
fbmy5635_20221011_760.cy9c5_u	602258	1399708	62099	102472	96114	87498
fbmy5635_20221011_778.cy9c5_u	607595	1387572	62653	102059	96087	87214
fbmy5635_20221011_783.cy9c5_u	641711	1416224	62982	101179	95752	86520
fbmy5635_20221011_793.cy9c5_u	636605	1407918	60021	101540	95629	86641
fbmy5635_20221011_7102.cy9c5_u	625000	1391594	60084	101184	95124	85897
