ma100244_rel_withdbg.cz11a_c24r64	601504	987656	103426	51184	58716	49910	56457	48532	55319	47761
ma100339_rel_withdbg.cz11a_c24r64	481928	987656	100787	55710	58228	49022	56610	47898	55016	47263
ma100434_rel_withdbg.cz11a_c24r64	496894	987656	103593	55749	56065	47390	54046	46416	52746	45709
ma100525_rel_withdbg.cz11a_c24r64	388350	930234	67912	50665	59709	48658	58984	47552	58084	45705
ma100618_rel_withdbg.cz11a_c24r64	434783	975611	81967	59480	60249	48748	58905	47570	57900	46816
ma101108_rel_withdbg.cz11a_c24r64	344828	975611	71190	39005	58905	47801	56366	46509	53861	46218
ma1011_240723_c944cd6e_ilwas.cz11a_c24r64	317460	919541	65884	35635	59908	48102	59036	46979	58123	45786
ma110402_rel_withdbg.cz11b_c24r64	337553	975611	67868	38168	59251	48089	56684	46940	54072	46314
ma1104_240723_2ee061c2_ilwas.cz11b_c24r64	306513	963857	63732	34587	59512	48116	58806	47105	57937	45951
ma110501_rel_withdbg.cz11b_c24r64	320000	975611	65628	37436	57176	45308	54949	44165	52488	43524
ma1105_240723_2f4b0ba3_ilwas.cz11b_c24r64	322581	919541	67955	34217	57649	45488	56843	44410	56034	43426
ma110600_rel_withdbg.cz11b_c24r64	330578	975611	68699	38369	57396	45326	54857	44171	52648	43507
ma1106_240723_d8374262_ilwas.cz11b_c24r64	307692	941178	64843	34889	57342	45113	56517	44006	55688	43018
