ma100244_rel_withdbg.cz11a_c24r64	796	796	3980	3980	7960	7960
ma100339_rel_withdbg.cz11a_c24r64	796	796	3980	3980	7960	7960
ma100434_rel_withdbg.cz11a_c24r64	796	796	3980	3980	7960	7960
ma100525_rel_withdbg.cz11a_c24r64	796	796	3980	3980	7960	7960
ma100618_rel_withdbg.cz11a_c24r64	796	796	3980	3980	7960	7965
ma101108_rel_withdbg.cz11a_c24r64	796	796	3980	3980	7960	7960
ma1011_240723_c944cd6e_ilwas.cz11a_c24r64	796	796	3980	3980	7965	7960
ma110402_rel_withdbg.cz11b_c24r64	796	796	3980	3980	7960	7960
ma1104_240723_2ee061c2_ilwas.cz11b_c24r64	796	796	3980	3982	7960	7960
ma110501_rel_withdbg.cz11b_c24r64	796	796	3980	3980	7960	7960
ma1105_240723_2f4b0ba3_ilwas.cz11b_c24r64	796	796	3980	3980	7960	7960
ma110600_rel_withdbg.cz11b_c24r64	796	796	3980	3980	7960	7960
ma1106_240723_d8374262_ilwas.cz11b_c24r64	796	796	3980	3980	7960	7960
