my5621_rel.cz10a_bee	101048	80800	1332	1645	5291	672	4877	592	4477	510
my5631_rel.cz10a_bee	91880	81708	1320	1621	5205	647	4797	570	4392	502
my5641_rel.cz10a_bee	92368	76518	1321	1629	5152	645	4770	570	4382	501
my5651_rel.cz10a_bee	92904	81875	1327	1626	5161	645	4730	569	4370	499
my5710_rel.cz10a_bee	83981	113928	1798	2101	4090	646	4192	574	4280	521
my5720_rel.cz10a_bee	83255	114564	1787	2008	3977	647	4126	573	4201	520
my5730_rel.cz10a_bee	80759	111467	1723	2024	3903	646	4017	573	4212	520
my5744_rel.cz10a_bee	80980	109845	1729	2049	3870	644	4046	570	4132	518
my8013_rel.cz10a_bee	68329	105235	1752	2053	3581	622	3870	553	4100	504
my8014_rel.cz10a_bee	67883	103106	1596	1802	3434	619	3679	550	3867	498
my8020_rel.cz10a_bee	62554	103172	1706	1934	3378	618	3599	555	3756	517
my8028_rel.cz10a_bee	62174	139714	1800	1992	3094	627	3249	565	3300	523
my8035_rel.cz10a_bee	54949	106738	1712	1905	3593	615	3738	556	3828	512
my8035_rel_lessps.cz10a_bee	58582	159267	1738	2008	4130	628	4334	565	4449	522
my8035_rel.cz10aps0_bee	56798	161258	1725	1946	3956	629	4174	563	4219	520
my8036_rel.cz10a_bee	55021	105152	1721	1912	3604	611	3750	553	3819	511
