my5621_rel.cz10a_bee	100	100	499	499	998	998
my5631_rel.cz10a_bee	100	100	499	499	998	998
my5641_rel.cz10a_bee	100	100	499	499	998	999
my5651_rel.cz10a_bee	100	100	499	499	998	998
my5710_rel.cz10a_bee	100	100	499	499	998	998
my5720_rel.cz10a_bee	100	100	499	499	998	998
my5730_rel.cz10a_bee	100	100	498	499	998	998
my5744_rel.cz10a_bee	100	100	498	498	997	997
my8013_rel.cz10a_bee	100	100	499	498	997	997
my8014_rel.cz10a_bee	100	100	499	499	998	998
my8020_rel.cz10a_bee	100	100	499	499	998	998
my8028_rel.cz10a_bee	100	100	499	499	998	998
my8035_rel.cz10a_bee	100	100	499	499	999	998
my8035_rel_lessps.cz10a_bee	100	100	499	499	998	998
my8035_rel.cz10aps0_bee	100	100	499	499	998	999
my8036_rel.cz10a_bee	100	100	499	499	998	998
