ma100244_rel_withdbg.cz11a_c8r32	563910	721154	6402	1554	37292	4409	32210	2678	23360	1443
ma100339_rel_withdbg.cz11a_c8r32	451128	708661	5807	1616	36602	4496	32588	2708	23582	1496
ma100434_rel_withdbg.cz11a_c8r32	452716	712589	5907	1571	35020	4431	30682	2780	21826	1507
ma100526_rel_withdbg.cz11a_c8r32	480000	647948	3346	2230	35364	4404	30951	2523	23252	2230
ma100527_rel_withdbg.cz11a_c8r32	483871	634250	3374	2146	35410	4422	30964	2536	23291	2262
ma100619_rel_withdbg.cz11a_c8r32	516944	632467	5487	1777	35572	4882	29659	3329	19860	2150
ma100619_rel_withdbg.cz11a_lwas4k_c8r32	519931	621547	5130	1962	35504	4877	29722	3295	19961	2137
ma100620_rel_withdbg.cz11a_c8r32	515759	615174	6099	1670	35688	4866	29752	3315	20171	2124
ma100620_rel_withdbg.cz11a_lwas4k_c8r32	513992	625434	6094	1672	35647	4867	29735	3305	20062	2135
ma101109_rel_withdbg.cz11a_c8r32	445324	616861	5322	1842	35368	4783	29392	3258	19574	2096
ma101109_rel_withdbg.cz11a_lwas4k_c8r32	468506	621976	5580	1718	35481	4861	29490	3314	20039	2140
ma101110_rel_withdbg.cz11a_c8r32	445986	614754	6096	1668	35094	4779	29364	3248	19648	2084
ma101110_rel_withdbg.cz11a_lwas4k_c8r32	462012	605246	6136	1681	35269	4869	29103	3321	19855	2141
ma110403_rel_withdbg.cz11b_c8r32	432484	611413	1807	1259	35477	4410	27115	1909	17775	1141
ma110403_rel_withdbg.cz11b_lwas4k_c8r32	462250	610170	1813	1267	35490	4472	27438	1754	17605	1174
ma110404_rel_withdbg.cz11b_c8r32	445324	615174	1908	1212	35148	4360	27178	1680	19704	1014
ma110404_rel_withdbg.cz11b_lwas4k_c8r32	458482	605246	1922	1207	35127	4464	27084	1749	19594	1030
ma110502_rel_withdbg.cz11b_c8r32	431862	606061	1818	1261	33996	4355	26129	1638	17099	1086
ma110502_rel_withdbg.cz11b_lwas4k_c8r32	455927	605653	1846	1244	34053	4453	26335	1722	16917	1047
ma110601_rel_withdbg.cz11b_c8r32	434993	620690	1901	1108	33702	4359	25797	1899	16852	1214
ma110601_rel_withdbg.cz11b_lwas4k_c8r32	434363	607288	1816	1276	33588	4429	26178	1904	16998	1037
ma110602_rel_withdbg.cz11b_c8r32	434783	617708	1909	1210	33799	4313	26047	1477	18898	1009
ma110602_rel_withdbg.cz11b_lwas4k_c8r32	434363	612245	1921	1210	33711	4381	26086	1659	19142	1032
ma110700_rel_withdbg.cz11b_c8r32	431448	614334	1915	1209	33795	4304	25808	1422	19103	1006
ma110700_rel_withdbg.cz11b_lwas4k_c8r32	458015	607288	1913	1208	33860	4418	26318	1523	19044	1023
ma110701_rel_withdbg.cz11b_c8r32	435414	618557	1917	1207	33716	4341	26055	1481	18989	1005
ma110701_rel_withdbg.cz11b_lwas4k_c8r32	457317	618557	1918	1215	33778	4435	26126	1897	19211	1031
my5744_rel_o2nofp.cz11a_c8r32	572884	689127	18154	1350	38589	4416	34696	2715	29244	2056
my8040_rel_o2nofp.cz11a_c8r32	433944	729927	16701	1497	36585	4587	33387	2936	27807	2433
