ma100244_rel_withdbg.cz11a_c8r32	563910	721154	6402	1554	37292	4409	32210	2678	23360	1443
ma100339_rel_withdbg.cz11a_c8r32	451128	708661	5807	1616	36602	4496	32588	2708	23582	1496
ma100434_rel_withdbg.cz11a_c8r32	452716	712589	5907	1571	35020	4431	30682	2780	21826	1507
ma100619_rel_withdbg.cz11a_c8r32	516944	632467	5487	1777	35572	4882	29659	3329	19860	2150
ma100619_rel_withdbg.cz11a_lwas4k_c8r32	519931	621547	5130	1962	35504	4877	29722	3295	19961	2137
ma100620_rel_withdbg.cz11a_c8r32	515759	615174	6099	1670	35688	4866	29752	3315	20171	2124
ma100620_rel_withdbg.cz11a_lwas4k_c8r32	513992	625434	6094	1672	35647	4867	29735	3305	20062	2135
ma101109_rel_withdbg.cz11a_c8r32	445324	616861	5322	1842	35368	4783	29392	3258	19574	2096
ma101109_rel_withdbg.cz11a_lwas4k_c8r32	468506	621976	5580	1718	35481	4861	29490	3314	20039	2140
ma101110_rel_withdbg.cz11a_c8r32	445986	614754	6096	1668	35094	4779	29364	3248	19648	2084
ma101110_rel_withdbg.cz11a_lwas4k_c8r32	462012	605246	6136	1681	35269	4869	29103	3321	19855	2141
my5744_rel_o2nofp.cz11a_c8r32	572884	689127	18154	1350	38589	4416	34696	2715	29244	2056
my8040_rel_o2nofp.cz11a_c8r32	433944	729927	16701	1497	36585	4587	33387	2936	27807	2433
