ma100244_rel_withdbg.cz11a_c8r32	597	598	2987	2988	5980	5977
ma100339_rel_withdbg.cz11a_c8r32	597	598	2987	2988	5977	5977
ma100434_rel_withdbg.cz11a_c8r32	598	598	2987	2988	5977	5841
ma100526_rel_withdbg.cz11a_c8r32	598	598	2988	2987	4745	2191
ma100527_rel_withdbg.cz11a_c8r32	597	598	2987	2988	4758	2144
ma100619_rel_withdbg.cz11a_c8r32	598	597	2988	2988	5980	5973
ma100619_rel_withdbg.cz11a_lwas4k_c8r32	597	597	2987	2988	5977	5973
ma100620_rel_withdbg.cz11a_c8r32	598	597	2987	2988	5977	5977
ma100620_rel_withdbg.cz11a_lwas4k_c8r32	598	598	2988	2988	5980	5977
ma101109_rel_withdbg.cz11a_c8r32	598	597	2988	2987	5980	5973
ma101109_rel_withdbg.cz11a_lwas4k_c8r32	598	598	2987	2988	5977	5977
ma101110_rel_withdbg.cz11a_c8r32	598	598	2988	2987	5980	5977
ma101110_rel_withdbg.cz11a_lwas4k_c8r32	598	598	2987	2988	5977	5977
ma110403_rel_withdbg.cz11b_c8r32	598	598	2987	2987	2682	1983
ma110403_rel_withdbg.cz11b_lwas4k_c8r32	597	598	2988	2985	2682	2005
ma110404_rel_withdbg.cz11b_c8r32	597	598	2988	2985	3185	2457
ma110404_rel_withdbg.cz11b_lwas4k_c8r32	597	598	2988	2987	3170	2445
ma110502_rel_withdbg.cz11b_c8r32	598	598	2987	2987	2673	2056
ma110502_rel_withdbg.cz11b_lwas4k_c8r32	598	598	2987	2983	2662	2095
ma110601_rel_withdbg.cz11b_c8r32	597	598	2987	2985	2667	1972
ma110601_rel_withdbg.cz11b_lwas4k_c8r32	597	598	2988	2987	2685	2115
ma110602_rel_withdbg.cz11b_c8r32	597	598	2987	2985	3172	2469
ma110602_rel_withdbg.cz11b_lwas4k_c8r32	598	598	2988	2985	3176	2466
ma110700_rel_withdbg.cz11b_c8r32	598	598	2987	2983	3145	2442
ma110700_rel_withdbg.cz11b_lwas4k_c8r32	597	597	2988	2985	3175	2447
ma110701_rel_withdbg.cz11b_c8r32	598	598	2988	2983	3177	2461
ma110701_rel_withdbg.cz11b_lwas4k_c8r32	597	598	2987	2987	3203	2466
my5744_rel_o2nofp.cz11a_c8r32	598	598	2987	2988	5980	5977
my8040_rel_o2nofp.cz11a_c8r32	598	598	2988	2988	5973	5977
