fbmy5635_202203072101.cy9c5_u	625000	1446084	70926	106633	101783	90959
fbmy5635_202205192101.cy9c5_u	602258	1407918	67306	103226	98110	86404
fbmy5635_202208092101.cy9c5_u	594059	1383573	66611	102833	96652	86802
fbmy5635_202210112144.cy9c5_u	594796	1395640	66552	102800	96915	85967
fbmy5635_202302162102.cy9c5_u	627451	1407918	60259	101254	94654	86211
fbmy5635_202304122154.cy9c5_u	629921	1387572	60150	101065	95201	86087
fbmy5635_202305292102.cy9c5_u	629096	1407918	60347	101429	95174	86522
fbmy5635_20230529_832.cy9c5_u	629096	1399708	60676	99794	93432	84983
fbmy5635_20230529_843.cy9c5_u	625815	1403801	60356	98072	91130	82572
fbmy5635_20230529_850.cy9c5_u	629096	1383573	60548	97813	91815	82995
