fbmy5635_rel_202104072149.cy9c_gcp_c2s30	797	3987	7973
fbmy5635_rel_202203072101.cy9c_gcp_c2s30	797	3987	7973
fbmy5635_rel_202205192101.cy9c_gcp_c2s30	797	3987	7976
fbmy5635_rel_202208092101.cy9c_gcp_c2s30	797	3987	7973
fbmy5635_rel_202210112144.cy9c_gcp_c2s30	797	3987	7973
fbmy5635_rel_202302162102.cy9c_gcp_c2s30	797	3988	7976
fbmy5635_rel_202304122154.cy9c_gcp_c2s30	797	3987	7973
fbmy5635_rel_202305292102.cy9c_gcp_c2s30	797	3987	7978
fbmy5635_rel_20230529_832.cy9c_gcp_c2s30	797	3987	7973
fbmy5635_rel_20230529_843.cy9c_gcp_c2s30	797	3987	7976
fbmy5635_rel_20230529_850.cy9c_gcp_c2s30	797	3988	7973
