pg1222_o2nofp.cx10a_c24r64	732869	1116695	21108	1055	98999	4746	88678	4346	69060	3684
pg1322_o2nofp.cx10a_c24r64	760746	1266624	18497	1572	98413	4853	88758	4088	68762	3561
pg1419_o2nofp.cx10a_c24r64	715308	1273074	16913	911	99930	4907	90005	4262	69886	3462
pg1514_o2nofp.cx10a_c24r64	766284	1152074	14072	730	99263	4898	88955	4257	67630	3549
pg1515_o2nofp.cx10a_c24r64	766577	1201923	19150	1356	99308	4938	88998	4324	68585	3590
pg1610_o2nofp.cx10a_c24r64	762776	1260240	13974	1016	100099	4902	89565	4329	67896	3638
pg1611_o2nofp.cx10a_c24r64	763359	1280410	14072	778	99811	4931	89279	4325	68220	3692
pg176_o2nofp.cx10a_c24r64	757576	1385042	14191	955	100484	4916	89479	4335	67280	3480
pg177_o2nofp.cx10a_c24r64	732601	1398601	17335	1374	99508	4868	88716	4055	67324	3654
pg180_o2nofp.cx10b_c24r64	718649	1341382	13372	755	98670	4842	88089	4181	66626	3519
pg180_o2nofp.cx10c_c24r64	694927	1423488	14311	736	98859	4727	88223	4254	66821	3644
pg180_o2nofp.cx10d_c24r64	722543	1387925	13986	866	98319	4820	87826	4106	67230	3575
pg181_o2nofp.cx10b_c24r64	752729	1356852	13457	1338	98949	4679	87743	4232	66129	3599
pg181_o2nofp.cx10d_c24r64	749906	1409443	13611	735	98674	4879	88127	4310	66925	3609
