20m.my8033_rel_lto.cy10a_1g_bee	56338	34477	590	25	16	15
20m.my8033_rel_lto.cy10a2_1g_bee	57471	48201	560	20	11	10
20m.my8033_rel_lto.cy10a7_1g_bee	54794	36086	538	28	19	18
20m.my8033_rel_lto.cy10a10_1g_bee	55249	34956	533	24	14	13
20m.my8033_rel_lto.cy10a12_1g_bee	55556	31357	583	25	15	15
20m.my8033_rel_lto.cy10a13_1g_bee	53050	34536	218	11	11	11
20m.my8033_rel_lto.cy10a14_1g_bee	56022	34418	59	27	27	26
20m.my8033_rel_lto.cy10a15_1g_bee	55402	61846	596	26	16	15
20m.my8033_rel_lto.cy10a16_1g_bee	56180	23675	713	40	33	32
20m.my8033_rel_lto.cy10a17_1g_bee	57637	150000	6223	2438	2251	2024
20m.my8033_rel_lto.cy10a18_1g_bee	57471	34835	508	15	7	7
20m.my8033_rel_lto.cy10a19_1g_bee	55866	41529	594	21	13	12
20m.my8033_rel_lto.cy10a20_1g_bee	57637	36813	630	27	17	12
20m.my8033_rel_lto.cy10a21_1g_bee	56022	36216	629	27	17	16
20m.my8033_rel_lto.cy10a22_1g_bee	55249	33278	538	24	14	10
