pg1222_o2nofp.cx10a_c32r128	1724138	2597404	384615	106838	381257	197134	373679	196399	368957	194906
pg1322_o2nofp.cx10a_c32r128	1694915	2531647	381679	93985	386465	198428	376294	197622	372592	196267
pg1323_o2nofp.cx10a_c32r128	1709402	2564104	384615	96946	352616	189507	346789	188208	342124	186676
pg1419_o2nofp.cx10a_c32r128	1680672	2631580	400400	106101	392867	197066	382543	195955	379622	194703
pg1420_o2nofp.cx10a_c32r128	1666667	2597404	398605	95238	378340	192993	368460	191950	366756	190800
pg1514_o2nofp.cx10a_c32r128	1680672	2564104	391007	108932	390294	197930	381032	196784	377889	195444
pg1515_o2nofp.cx10a_c32r128	1666667	2469137	395648	107066	360188	189561	353318	188414	351054	186865
pg1610_o2nofp.cx10a_c32r128	1666667	2439026	394867	107354	383902	197787	375358	196420	373062	195114
pg1611_o2nofp.cx10a_c32r128	1666667	2409640	389484	95831	363641	192349	358226	191676	354700	190167
pg176_o2nofp.cx10a_c32r128	1666667	2564104	399002	103896	391524	198914	384058	196971	381271	196435
pg177_o2nofp.cx10a_c32r128	1652892	2500001	391965	103413	365850	190048	357294	188399	354246	186922
pg180_o2nofp.cx10b_c32r128	1724138	2702704	409416	117994	387164	195980	381764	194359	372721	192850
pg180_o2nofp.cx10c_c32r128	1739130	2702704	408372	116891	388934	195158	382265	194313	373108	192322
pg180_o2nofp.cx10d_c32r128	1724138	2739727	409416	118273	380880	195696	377523	194765	369649	193236
pg181_o2nofp.cx10b_c32r128	1739130	2631580	406091	115741	367323	187489	360974	186654	353185	184865
pg181_o2nofp.cx10b_walsize_c32r128	1724138	2666668	406918	116482	365277	191007	359443	189598	352902	188262
pg181_o2nofp.cx10c_c32r128	1724138	2597404	407125	115808	369384	190875	363724	189742	357787	188077
pg181_o2nofp.cx10d_c32r128	1666667	2631580	407747	115674	366143	189208	358980	187857	352529	186226
