pg1222_o2nofp.cx10a_c32r128	1987	1988	9939	9936	19868	19868
pg1322_o2nofp.cx10a_c32r128	1988	1988	9936	9936	19868	19873
pg1323_o2nofp.cx10a_c32r128	1987	1987	9936	9936	19868	19868
pg1419_o2nofp.cx10a_c32r128	1988	1988	9936	9936	19868	19868
pg1420_o2nofp.cx10a_c32r128	1987	1988	9939	9936	19868	19868
pg1514_o2nofp.cx10a_c32r128	1987	1988	9936	9936	19873	19868
pg1515_o2nofp.cx10a_c32r128	1988	1988	9936	9936	19873	19873
pg1610_o2nofp.cx10a_c32r128	1987	1987	9936	9934	19868	19868
pg1611_o2nofp.cx10a_c32r128	1987	1987	9936	9936	19868	19868
pg176_o2nofp.cx10a_c32r128	1987	1987	9936	9936	19868	19868
pg177_o2nofp.cx10a_c32r128	1987	1987	9934	9936	19868	19868
pg180_o2nofp.cx10b_c32r128	1987	1987	9936	9936	19868	19868
pg180_o2nofp.cx10c_c32r128	1987	1988	9939	9939	19873	19873
pg180_o2nofp.cx10d_c32r128	1987	1987	9934	9936	19868	19868
pg181_o2nofp.cx10b_c32r128	1987	1987	9934	9936	19868	19868
pg181_o2nofp.cx10b_walsize_c32r128	1987	1987	9936	9936	19868	19873
pg181_o2nofp.cx10c_c32r128	1988	1988	9939	9939	19878	19873
pg181_o2nofp.cx10d_c32r128	1988	1988	9936	9939	19873	19868
