pg140_o2nofp.cx10a_c8r32	137931	327870	27972	3693	15216	8571	14669	8548	14686	8514
pg1418_o2nofp.cx10a_c8r32	136986	333335	28011	3708	15005	8464	14498	8403	14461	8393
pg150_o2nofp.cx10a_c8r32	143885	363638	27174	3700	15334	8731	14739	8723	14810	8693
pg1513_o2nofp.cx10a_c8r32	141844	363638	27491	3602	15167	8537	14451	8557	14353	8581
pg160_o2nofp.cx10a_c8r32	143885	363638	27027	3571	15398	8640	14727	8606	14693	8625
pg169_o2nofp.cx10a_c8r32	142857	357145	27027	3684	15140	8587	14616	8538	14599	8583
pg170_o2nofp.cx10a_c8r32	142857	370372	26472	3487	15180	8564	14602	8529	14582	8575
pg175_o2nofp.cx10a_c8r32	143885	377360	26230	3512	15099	8524	14502	8534	14506	8576
pg18beta1_o2nofp.cx10b_c8r32	140845	377360	26420	3309	15000	8486	14315	8465	14313	8492
pg18beta1_o2nofp.cx10c_c8r32	141844	384617	26333	3565	15159	8531	14610	8524	14499	8534
pg18beta1_o2nofp.cx10d_c8r32	139860	377360	25284	3221	15091	8496	14524	8513	14478	8438
