my8033_rel_native_lto.cy10_4g_u	909091	2212442	12784	22098	5399	5250
my8033_rel_native_lto.cy10_4g_ua1	898876	2172398	11981	24113	4021	3766
my8033_rel_native_lto.cy10_4g_ua2	917782	2143304	12976	21132	5427	5470
my8033_rel_native_lto.cy10_4g_ua3	912548	2212442	12990	21284	5429	5296
my8033_rel_native_lto.cy10_4g_ua5	916030	2172398	8795	14058	2953	2952
my8033_rel_native_lto.cy10_4g_ua6	909091	2222685	12858	21773	5435	5310
my8033_rel_native_lto.cy10_4g_ua7	909091	2172398	12468	22344	5432	5335
my8033_rel_native_lto.cy10_4g_ua8	916030	2202294	12176	22142	5336	5409
my8033_rel_native_lto.cy10_4g_ua9	919540	2152915	11688	22114	5057	5129
my8033_rel_native_lto.cy10_4g_ua10	916030	2114978	12330	22650	5582	5489
my8033_rel_native_lto.cy10_4g_ua11	910816	2275355	12938	21719	5403	5205
my8033_rel_native_lto.cy10_4g_ua12	912548	2172398	12602	21563	5340	5374
my8033_rel_native_lto.cy10_4g_ua13	914286	2172398	6934	35310	13370	13944
my8033_rel_native_lto.cy10_4g_ua14	917782	2143304	13568	15145	3760	3599
my8033_rel_native_lto.cy10_4g_ua15	916030	2212442	12706	21691	5289	5154
my8033_rel_native_lto.cy10_4g_ua16	912548	2133778	12082	22174	5601	5748
my8033_rel_native_lto.cy10_4g_ua17	910816	2212442	17860	38810	25542	10873
my8033_rel_native_lto.cy10_4g_ua18	898876	2105702	13466	21914	5730	5349
my8033_rel_native_lto.cy10_4g_ua19	916030	2243458	12424	22206	5369	5074
my8033_rel_native_lto.cy10_4g_ua20	914286	2172398	7018	24234	12905	14443
my8033_rel_native_lto.cy10_4g_ua21	912548	2162613	8746	17598	10799	14368
