pg1222_o2nofp.cx10a_c32r128	1190476	871249	18626	2889	140612	6795	128116	4367	90900	2378
pg1322_o2nofp.cx10a_c32r128	1171112	1324503	19958	1807	140305	6878	126343	4511	89388	2443
pg1323_o2nofp.cx10a_c32r128	1253046	1231190	18965	1786	141921	6845	127531	4542	89831	2417
pg1419_o2nofp.cx10a_c32r128	1200000	1144310	20788	1639	140271	6907	126999	4547	89622	2452
pg1420_o2nofp.cx10a_c32r128	1125704	1167694	21670	1781	142137	6888	128896	4488	91285	2543
pg1514_o2nofp.cx10a_c32r128	1199200	1143220	20788	1658	141556	7062	127253	4572	89698	2456
pg1515_o2nofp.cx10a_c32r128	1250000	1136722	19942	1927	140122	7050	126156	4542	90608	2399
pg1610_o2nofp.cx10a_c32r128	1243953	1196411	19536	1646	141533	7051	126692	4654	89759	2501
pg1611_o2nofp.cx10a_c32r128	1255230	1188119	19884	1580	140488	7067	126844	4783	89961	2504
pg176_o2nofp.cx10a_c32r128	1229928	1343284	19786	1447	142565	7043	126199	4786	87565	2530
pg177_o2nofp.cx10a_c32r128	1238816	1252610	21525	1463	141252	7072	126363	4601	88811	2458
pg180_o2nofp.cx10b_c32r128	1237964	1323529	20654	1499	138567	6676	123088	4520	87363	2418
pg180_o2nofp.cx10c_c32r128	1232877	1297765	19900	1538	137424	6998	123078	4570	88107	2531
pg180_o2nofp.cx10d_c32r128	1245244	1371429	20134	1556	138890	6842	125002	4606	88368	2505
pg181_o2nofp.cx10b_c32r128	1232877	1351351	20601	1598	139408	7024	124342	4603	88467	2600
pg181_o2nofp.cx10d_c32r128	1253046	1299639	20210	1488	138173	7001	124279	4588	88054	2512
