pg1222_o2nofp.cx10a_c32r128	1193	1192	5940	5960	10730	11563
pg1322_o2nofp.cx10a_c32r128	1193	1192	5940	5957	10593	11344
pg1323_o2nofp.cx10a_c32r128	1193	1193	5950	5964	10688	11495
pg1419_o2nofp.cx10a_c32r128	1193	1193	5944	5957	10557	11386
pg1420_o2nofp.cx10a_c32r128	1192	1192	5944	5934	10480	11688
pg1514_o2nofp.cx10a_c32r128	1192	1192	5937	5957	10521	11333
pg1515_o2nofp.cx10a_c32r128	1192	1192	5937	5921	10568	11428
pg1610_o2nofp.cx10a_c32r128	1192	1192	5934	5944	10599	11279
pg1611_o2nofp.cx10a_c32r128	1193	1193	5950	5940	10455	11273
pg176_o2nofp.cx10a_c32r128	1193	1193	5947	5944	10562	11297
pg177_o2nofp.cx10a_c32r128	1193	1193	5947	5931	10578	11459
pg180_o2nofp.cx10b_c32r128	1192	1191	5947	5937	10568	11447
pg180_o2nofp.cx10c_c32r128	1193	1193	5937	5940	10557	11368
pg180_o2nofp.cx10d_c32r128	1193	1193	5950	5918	10619	11520
pg181_o2nofp.cx10b_c32r128	1192	1192	5944	5937	10578	11380
pg181_o2nofp.cx10d_c32r128	1192	1192	5944	5934	10573	11344
