my8033_rel_lto.cy10a_gcp_c2s30	706964	603060	14409	3665	4303	4103
my8033_rel_lto.cy10a1_gcp_c2s30	698202	595519	13443	3968	4660	4418
my8033_rel_lto.cy10a2_gcp_c2s30	702494	601519	14237	3900	4436	4046
my8033_rel_lto.cy10a3_gcp_c2s30	690488	601609	14383	3868	4420	4066
my8033_rel_lto.cy10a4_gcp_c2s30	691682	566586	7807	1716	2273	2015
my8033_rel_lto.cy10a5_gcp_c2s30	699178	626484	5385	4282	3185	2228
my8033_rel_lto.cy10a6_gcp_c2s30	697350	635037	14370	3587	4011	3619
my8033_rel_lto.cy10a7_gcp_c2s30	700280	595342	15172	3970	4314	4231
my8033_rel_lto.cy10a8_gcp_c2s30	700158	596318	15352	3985	4500	4224
my8033_rel_lto.cy10a9_gcp_c2s30	699790	581410	15708	3903	4356	4162
my8033_rel_lto.cy10a10_gcp_c2s30	698812	612198	10861	3123	3283	2974
my8033_rel_lto.cy10a11_gcp_c2s30	697472	596229	11698	3789	4370	3941
my8033_rel_lto.cy10a12_gcp_c2s30	699178	636958	14245	3956	4416	3970
my8033_rel_lto.cy10a13_gcp_c2s30	700771	595342	4876	5853	3616	2824
my8033_rel_lto.cy10a14_gcp_c2s30	696986	573327	6949	4153	3634	2774
my8033_rel_lto.cy10a15_gcp_c2s30	699790	624138	14606	3867	4382	4081
my8033_rel_lto.cy10a16_gcp_c2s30	702247	616538	15823	4098	4462	4161
my8033_rel_lto.cy10a17_gcp_c2s30	479042	468231	18442	2201	610	259
my8033_rel_lto.cy10a18_gcp_c2s30	212495	238912	1258	345	504	187
my8033_rel_lto.cy10a19_gcp_c2s30	268709	259275	1408	166	519	247
