my8033_rel_lto.cy10a_gcp_c2s30	792	3958	7908
my8033_rel_lto.cy10a1_gcp_c2s30	789	3960	7925
my8033_rel_lto.cy10a2_gcp_c2s30	792	3974	7938
my8033_rel_lto.cy10a3_gcp_c2s30	791	3971	7943
my8033_rel_lto.cy10a4_gcp_c2s30	783	3950	7882
my8033_rel_lto.cy10a5_gcp_c2s30	792	3960	6572
my8033_rel_lto.cy10a6_gcp_c2s30	792	3971	7943
my8033_rel_lto.cy10a7_gcp_c2s30	792	3976	7943
my8033_rel_lto.cy10a8_gcp_c2s30	792	3974	7943
my8033_rel_lto.cy10a9_gcp_c2s30	792	3969	7943
my8033_rel_lto.cy10a10_gcp_c2s30	793	3971	7947
my8033_rel_lto.cy10a11_gcp_c2s30	792	3971	7943
my8033_rel_lto.cy10a12_gcp_c2s30	792	3971	7947
my8033_rel_lto.cy10a13_gcp_c2s30	796	3980	5676
my8033_rel_lto.cy10a14_gcp_c2s30	791	3971	7938
my8033_rel_lto.cy10a15_gcp_c2s30	792	3974	7943
my8033_rel_lto.cy10a16_gcp_c2s30	792	3974	7947
my8033_rel_lto.cy10a17_gcp_c2s30	613	1239	954
my8033_rel_lto.cy10a18_gcp_c2s30	451	2039	1634
my8033_rel_lto.cy10a19_gcp_c2s30	284	1502	1333
