my5621_rel.cy10a22_gcp_c2s30	428954	622957	66274	76348	73983	73199
my5651_rel.cy10a22_gcp_c2s30	428954	606439	67380	75336	74238	72310
my5710_rel.cy10a22_gcp_c2s30	744186	1177206	94742	68964	68055	67050
my5720_rel.cy10a22_gcp_c2s30	761905	1168613	101150	67923	66772	65772
my5730_rel.cy10a22_gcp_c2s30	761905	1185926	101652	67427	66685	65325
my5743_rel.cy10a22_gcp_c2s30	751174	1151798	98998	66786	65752	64206
my8013_rel.cy10a22_gcp_c2s30	496894	1151798	94173	63159	61622	59775
my8014_rel.cy10a22_gcp_c2s30	495356	1143571	94607	64683	63002	61265
my8020_rel.cy10a22_gcp_c2s30	714286	280385	99776	61667	60346	58776
my8028_rel.cy10a22_gcp_c2s30	720721	889444	111142	58837	57734	56250
my8030_rel.cy10a22_gcp_c2s30	689655	851596	101833	54464	53378	51782
my8031_rel.cy10a22_gcp_c2s30	692641	851596	101510	53958	52878	51315
my8032_rel.cy10a22_gcp_c2s30	661157	847090	100226	52978	51914	50393
my8033_rel.cy10a22_gcp_c2s30	661157	842632	99763	53213	52194	50637
my8034_rel.cy10a22_gcp_c2s30	663900	856150	104126	54755	53796	52025
my8035_rel.cy10a22_gcp_c2s30	669456	856150	104126	64764	63666	61613
