my5621_rel.cy10a22_gcp_c2s30	796	3978	7960
my5651_rel.cy10a22_gcp_c2s30	796	3980	7960
my5710_rel.cy10a22_gcp_c2s30	796	3980	7960
my5720_rel.cy10a22_gcp_c2s30	796	3980	7960
my5730_rel.cy10a22_gcp_c2s30	796	3978	7956
my5743_rel.cy10a22_gcp_c2s30	796	3978	7960
my8013_rel.cy10a22_gcp_c2s30	796	3978	7960
my8014_rel.cy10a22_gcp_c2s30	796	3978	7965
my8020_rel.cy10a22_gcp_c2s30	796	3978	7960
my8028_rel.cy10a22_gcp_c2s30	796	3978	7960
my8030_rel.cy10a22_gcp_c2s30	796	3978	7960
my8031_rel.cy10a22_gcp_c2s30	796	3978	7960
my8032_rel.cy10a22_gcp_c2s30	796	3978	7960
my8033_rel.cy10a22_gcp_c2s30	796	3978	7960
my8034_rel.cy10a22_gcp_c2s30	796	3978	7960
my8035_rel.cy10a22_gcp_c2s30	796	3978	7960
