pg170_o2nofp.cx10a_c8r32	213447	396040	3509	169	25516	938	23940	902	19334	759
pg171_o2nofp.cx10a_c8r32	210084	402820	3549	168	25342	941	23525	897	19301	804
pg172_o2nofp.cx10a_c8r32	215517	407125	3578	169	25707	941	23741	898	19171	803
pg173_o2nofp.cx10a_c8r32	213618	397417	3575	168	25423	938	23899	897	19526	804
pg174_o2nofp.cx10a_c8r32	213618	410046	3546	168	25381	939	23910	899	19015	806
pg175_o2nofp.cx10a_c8r32	212314	406091	3578	170	25596	945	23782	902	19108	808
pg176_o2nofp.cx10a_c8r32	210970	411946	3568	168	25630	947	23866	906	19156	816
pg177_o2nofp.cx10a_c8r32	213846	409626	3537	168	25268	943	23820	900	19111	809
pg178_o2nofp.cx10a_c8r32	198610	390244	3575	168	25406	943	23996	899	19138	809
pg179_o2nofp.cx10a_c8r32	211977	400601	3597	166	25204	1301	23672	1265	19186	1182
