pg140_o2nofp.cx10a_c8r32	139860	322582	26828	3516	15036	6166	14633	6278	14490	6266
pg1418_o2nofp.cx10a_c8r32	136986	333335	25332	3322	15080	6168	14394	6150	14309	6130
pg150_o2nofp.cx10a_c8r32	142857	350879	26472	3515	15335	6193	14677	6226	14746	6200
pg1513_o2nofp.cx10a_c8r32	143885	363638	26900	3598	15133	6192	14453	6188	14408	6156
pg160_o2nofp.cx10a_c8r32	142857	370372	24600	3287	15236	6148	14699	6152	14584	6150
pg169_o2nofp.cx10a_c8r32	141844	357145	26127	3511	15289	6219	14718	6143	14642	6164
pg170_o2nofp.cx10a_c8r32	140845	370372	24969	3168	15258	6170	14563	6106	14556	6072
pg175_o2nofp.cx10a_c8r32	138889	384617	25413	3229	15276	6135	14429	6089	14499	6082
pg18beta1_o2nofp.cx10b_c8r32	140845	384617	22688	3089	14983	6020	14276	6013	14191	6003
pg18beta1_o2nofp.cx10c_c8r32	141844	377360	24184	3109	14966	5994	14236	6011	14277	5985
pg18beta1_o2nofp.cx10d_c8r32	139860	377360	22792	3233	14865	5734	14316	5710	14369	5731
