pg140_o2nofp.cx10a_c8r32	100	100	500	500	1000	1000
pg1418_o2nofp.cx10a_c8r32	100	100	500	500	999	999
pg150_o2nofp.cx10a_c8r32	100	100	500	500	999	999
pg1513_o2nofp.cx10a_c8r32	100	100	500	500	1000	999
pg160_o2nofp.cx10a_c8r32	100	100	500	500	999	999
pg169_o2nofp.cx10a_c8r32	100	100	500	500	999	999
pg170_o2nofp.cx10a_c8r32	100	100	500	500	999	999
pg175_o2nofp.cx10a_c8r32	100	100	500	500	1000	999
pg18beta1_o2nofp.cx10b_c8r32	100	100	500	500	1000	1000
pg18beta1_o2nofp.cx10c_c8r32	100	100	500	500	999	999
pg18beta1_o2nofp.cx10d_c8r32	100	100	500	500	999	999
