pg9023_def.cx9a2_ser7	133333	296297	8903	3099	20548	5894	16060	6431	15672	6570
pg9124_def.cx9a2_ser7	139373	300753	11167	2849	22284	5771	17172	6407	17586	6429
pg9224_def.cx9a2_ser7	136054	300753	10986	4564	27287	6136	22186	6151	21077	6368
pg9325_def.cx9a2_ser7	135135	285715	15736	2532	27402	6156	20666	6508	19000	6508
pg9426_def.cx9a2_ser7	173913	251573	10831	2277	27270	6632	21715	6962	19373	7002
pg9525_def.cx9a2_ser7	178571	279721	26882	5126	26044	6741	20447	6641	18787	6621
pg9624_def.cx9a2_ser7	174672	396040	21540	5149	27044	6382	21466	6087	19289	5927
pg1023_def.cx9a2_ser7	171674	465117	18622	3368	27211	5937	21761	5801	19713	5993
pg1122_def.cx9a2_ser7	202020	476192	17786	3108	28176	6010	23822	6039	20766	5980
pg1217_def.cx9a2_ser7	195122	459771	34072	11481	27597	5900	24304	5980	22819	5973
pg1313_def.cx9a2_ser7	203046	459771	29520	6035	27876	6200	25305	6026	22712	6082
pg1410_def.cx9a2_ser7	198020	465117	41152	9497	28331	5855	25972	5800	23885	5967
pg155_def.cx9a2_ser7	204082	487806	36265	13072	28414	5688	25721	5824	23828	5796
pg161_def.cx9a2_ser7	204082	500001	36036	10917	28332	5964	25829	5996	23857	5808
