ma100244_rel_withdbg.cz11a_c8r32	470588	1000004	94581	39280	37499	35672	36182	35140	35491	34162
ma100339_rel_withdbg.cz11a_c8r32	393443	1000004	97660	41237	37160	34769	35896	34064	35033	33145
ma100434_rel_withdbg.cz11a_c8r32	393443	960004	98260	41237	35603	33615	34396	32863	33354	31963
ma100526_rel_withdbg.cz11a_c8r32	413793	857146	95333	41667	37092	34127	36579	33719	36059	32859
ma100527_rel_withdbg.cz11a_c8r32	400000	888892	94768	41522	37134	34215	36786	33954	36252	33051
ma100619_rel_withdbg.cz11a_c8r32	436364	888892	104803	45802	37457	33990	37269	33636	36998	33278
ma100619_rel_withdbg.cz11a_lwas4k_c8r32	436364	888892	105033	46065	37828	34130	37667	33927	37301	33529
ma100620_rel_withdbg.cz11a_c8r32	436364	888892	105610	46693	38025	34189	38052	34107	37707	33573
ma100620_rel_withdbg.cz11a_lwas4k_c8r32	436364	888892	105727	46512	38068	34343	37939	34032	37700	33708
ma101109_rel_withdbg.cz11a_c8r32	406780	857146	100946	44037	37755	33782	37514	33605	37329	33205
ma101109_rel_withdbg.cz11a_lwas4k_c8r32	413793	888892	100104	45198	37541	33789	37354	33492	37020	33169
ma101110_rel_withdbg.cz11a_c8r32	406780	857146	102128	43400	37725	33889	37536	33629	37247	33149
ma101110_rel_withdbg.cz11a_lwas4k_c8r32	406780	888892	100946	45627	37975	34171	37824	33938	37523	33538
ma110403_rel_withdbg.cz11b_c8r32	400000	857146	95144	41812	37694	33818	37421	33522	37134	33111
ma110403_rel_withdbg.cz11b_lwas4k_c8r32	406780	857146	94210	43557	37674	34011	37734	33814	37260	33334
ma110404_rel_withdbg.cz11b_c8r32	406780	857146	70175	40886	37719	33959	37472	33634	37123	33301
ma110404_rel_withdbg.cz11b_lwas4k_c8r32	413793	857146	88971	43796	37698	33971	37536	33668	37212	33298
ma110502_rel_withdbg.cz11b_c8r32	406780	888892	96000	41451	36071	31792	35959	31544	35568	31016
ma110502_rel_withdbg.cz11b_lwas4k_c8r32	400000	857146	94581	43478	36239	31781	36078	31687	35745	31258
ma110601_rel_withdbg.cz11b_c8r32	400000	857146	95522	41451	36227	31988	36122	31634	35730	31186
ma110601_rel_withdbg.cz11b_lwas4k_c8r32	393443	857146	94395	43636	36485	32186	36228	31923	35998	31542
ma110602_rel_withdbg.cz11b_c8r32	393443	857146	82973	40336	36273	31937	35771	31458	35726	30992
ma110602_rel_withdbg.cz11b_lwas4k_c8r32	393443	888892	87432	43011	36092	31837	35773	31616	35556	31187
ma110700_rel_withdbg.cz11b_c8r32	406780	888892	90141	40747	36265	31734	36034	31496	35725	31088
ma110700_rel_withdbg.cz11b_lwas4k_c8r32	406780	888892	87912	43636	36143	31616	35968	31510	35681	31137
ma110701_rel_withdbg.cz11b_c8r32	393443	857146	90056	40268	36260	31877	36150	31697	36000	31234
ma110701_rel_withdbg.cz11b_lwas4k_c8r32	400000	857146	88073	42857	36318	31858	36078	31660	35866	31143
my5744_rel_o2nofp.cz11a_c8r32	470588	827590	100418	41379	40863	36101	40682	35716	40460	35393
my8040_rel_o2nofp.cz11a_c8r32	380952	923081	42857	21858	37309	29973	36888	29826	36362	29222
