ma100244_rel_withdbg.cz11a_c8r32	598	597	2987	2988	5973	5973
ma100339_rel_withdbg.cz11a_c8r32	598	597	2987	2988	5973	5973
ma100434_rel_withdbg.cz11a_c8r32	597	597	2988	2987	5977	5977
ma100526_rel_withdbg.cz11a_c8r32	598	597	2988	2987	5977	5977
ma100527_rel_withdbg.cz11a_c8r32	597	597	2988	2987	5977	5977
ma100619_rel_withdbg.cz11a_c8r32	598	598	2988	2987	5977	5977
ma100619_rel_withdbg.cz11a_lwas4k_c8r32	597	598	2987	2988	5973	5977
ma100620_rel_withdbg.cz11a_c8r32	597	597	2987	2988	5973	5977
ma100620_rel_withdbg.cz11a_lwas4k_c8r32	597	598	2987	2988	5973	5973
ma101109_rel_withdbg.cz11a_c8r32	598	598	2988	2988	5973	5973
ma101109_rel_withdbg.cz11a_lwas4k_c8r32	598	598	2987	2988	5973	5977
ma101110_rel_withdbg.cz11a_c8r32	597	598	2988	2988	5973	5973
ma101110_rel_withdbg.cz11a_lwas4k_c8r32	597	597	2987	2988	5977	5973
ma110403_rel_withdbg.cz11b_c8r32	598	598	2987	2988	5973	5973
ma110403_rel_withdbg.cz11b_lwas4k_c8r32	597	598	2987	2988	5973	5973
ma110404_rel_withdbg.cz11b_c8r32	598	597	2988	2988	5977	5977
ma110404_rel_withdbg.cz11b_lwas4k_c8r32	598	597	2987	2987	5977	5973
ma110502_rel_withdbg.cz11b_c8r32	597	597	2988	2987	5977	5977
ma110502_rel_withdbg.cz11b_lwas4k_c8r32	598	597	2988	2987	5973	5977
ma110601_rel_withdbg.cz11b_c8r32	597	597	2987	2987	5973	5973
ma110601_rel_withdbg.cz11b_lwas4k_c8r32	598	597	2987	2988	5973	5973
ma110602_rel_withdbg.cz11b_c8r32	598	597	2987	2987	5977	5973
ma110602_rel_withdbg.cz11b_lwas4k_c8r32	597	598	2987	2987	5977	5973
ma110700_rel_withdbg.cz11b_c8r32	598	597	2988	2987	5977	5977
ma110700_rel_withdbg.cz11b_lwas4k_c8r32	597	598	2987	2988	5973	5977
ma110701_rel_withdbg.cz11b_c8r32	597	597	2988	2987	5973	5973
ma110701_rel_withdbg.cz11b_lwas4k_c8r32	597	597	2987	2988	5973	5973
my5744_rel_o2nofp.cz11a_c8r32	597	597	2988	2987	5977	5973
my8040_rel_o2nofp.cz11a_c8r32	597	598	2987	2988	5973	5977
