pg152_o2_nofp.cx8_bee	277971	774540	7241	37087	24846	16386
pg152_o2_nofp.cx8a1_bee	278164	789053	6246	36462	24760	18449
pg152_o2_nofp.cx8a2_bee	278261	787500	6396	35035	23663	16151
pg152_o2_nofp.cx8a3_bee	276817	786726	10088	36784	25919	17808
pg152_o2_nofp.cx8a4_bee	277681	776796	6843	36851	25695	16126
pg152_o2_nofp.cx8a9_bee	278067	781348	5883	35922	24368	17525
pg152_o2_nofp.cx8a10_bee	277585	785182	7253	36346	24710	16318
pg152_o2_nofp.cx8a12_bee	277971	789053	7460	36568	25447	16495
pg152_o2_nofp.cx8a14_bee	278067	785953	6416	37411	25084	17604
pg152_o2_nofp.cx8a15_bee	278164	782877	5643	36670	23786	15981
pg152_o2_nofp.cx8a16_bee	278552	798503	7943	36812	24809	16592
pg152_o2_nofp.cx8a17_bee	276243	789053	7888	37400	25626	16286
pg152_o2_nofp.cx8a18_bee	279037	783643	5787	36296	25041	17429
pg152_o2_nofp.cx8a20_bee	278940	786726	7851	36367	24685	15552
pg152_o2_nofp.cx8a21_bee	277681	784412	6400	35351	25286	16676
pg152_o2_nofp.cx8a22_bee	279427	782877	5355	36982	25170	17130
