pg152_o2_nofp.cx8_bee	398	1993	3987
pg152_o2_nofp.cx8a1_bee	399	1993	3987
pg152_o2_nofp.cx8a2_bee	398	1993	3989
pg152_o2_nofp.cx8a3_bee	399	1993	3987
pg152_o2_nofp.cx8a4_bee	399	1992	3989
pg152_o2_nofp.cx8a9_bee	399	1993	3989
pg152_o2_nofp.cx8a10_bee	399	1993	3962
pg152_o2_nofp.cx8a12_bee	399	1993	3989
pg152_o2_nofp.cx8a14_bee	399	1993	3989
pg152_o2_nofp.cx8a15_bee	399	1992	3989
pg152_o2_nofp.cx8a16_bee	399	1993	3989
pg152_o2_nofp.cx8a17_bee	399	1993	3987
pg152_o2_nofp.cx8a18_bee	398	1993	3989
pg152_o2_nofp.cx8a20_bee	399	1993	3987
pg152_o2_nofp.cx8a21_bee	398	1993	3865
pg152_o2_nofp.cx8a22_bee	399	1993	3987
