ma100230_rel_withdbg.cz12a_c24r64	553403	709723	3992	1662	57574	5940	50234	2246	34416	1044
ma100244_rel_withdbg.cz12a_c24r64	552944	618812	3768	1756	57068	5760	49440	2237	33655	1017
ma100339_rel_withdbg.cz12a_c24r64	421674	627156	3824	1803	55990	5807	48610	2154	31048	1580
ma100434_rel_withdbg.cz12a_c24r64	402658	608828	3784	1816	53678	5690	46586	2194	30972	1527
ma100529_rel_withdbg.cz12a_c24r64	323102	648929	3492	3916	53622	4300	43568	1058	40904	900
ma100625_rel_withdbg.cz12a_c24r64	305623	640820	5000	5882	57362	7160	48684	3536	28801	1487
ma101116_rel_withdbg.cz12a_c24r64	662690	603136	5056	5997	57142	7242	48775	3532	29812	1475
ma110410_rel_withdbg.cz12b_c24r64	654450	487805	5253	6415	57991	7326	49753	3588	22136	1489
ma110806_rel_withdbg.cz12b_c24r64	656814	603136	4609	6520	58123	6458	48320	3498	21895	1410
ma120301_rel_withdbg.cz12b_c24r64	635122	599341	5264	6462	59284	7378	50872	3772	22966	1487
ma130000_rel_withdbg.cz12b_c24r64	639795	600240	4124	6154	60007	6953	51733	3500	23237	1465
