ma100230_rel_withdbg.cz12a_c24r64	796	797	3984	3982	5500	5381
ma100244_rel_withdbg.cz12a_c24r64	797	796	3984	3984	5500	5227
ma100339_rel_withdbg.cz12a_c24r64	796	797	3984	3982	5696	3264
ma100434_rel_withdbg.cz12a_c24r64	796	797	3984	3982	5528	3352
ma100529_rel_withdbg.cz12a_c24r64	797	796	3982	3930	4378	3150
ma100625_rel_withdbg.cz12a_c24r64	797	796	3982	3982	6551	6507
ma101116_rel_withdbg.cz12a_c24r64	796	797	3984	3984	7168	6654
ma110410_rel_withdbg.cz12b_c24r64	797	796	3982	3984	7168	6466
ma110806_rel_withdbg.cz12b_c24r64	797	797	3958	3984	7083	5970
ma120301_rel_withdbg.cz12b_c24r64	796	797	3984	3982	7328	6460
ma130000_rel_withdbg.cz12b_c24r64	797	797	3982	3984	7111	6446
