ma100244_rel.cz11a_bee	295530	454804	3454	3516	16940	2297	12031	1652	4235	1059
ma100244_rel.cz11apur1_bee	299401	453258	4216	4611	12928	1903	9537	1655	5450	1362
ma100339_rel.cz11a_bee	225289	441014	3492	3596	16475	2304	12070	1681	4598	1121
ma100339_rel.cz11apur1_bee	259151	440771	4208	778	13336	2032	11701	1692	5828	1347
ma100433_rel.cz11a_bee	222284	444939	3493	3587	15300	2278	10592	1638	4276	1110
ma100433_rel.cz11apur1_bee	258064	448934	4202	823	12455	1968	10417	1677	5438	1345
ma100524_rel.cz11a_bee	250313	318725	3068	3486	14462	2301	11095	1791	3663	807
ma100524_rel.cz11apur1_bee	259909	308761	3474	660	13790	2416	11134	1840	4536	1797
ma100617_rel.cz11a_bee	263158	313849	2467	2653	14793	2209	5332	1079	2584	722
ma100617_rel.cz11apur1_bee	274348	314837	2905	867	12247	1734	5306	1100	2619	1622
ma101107_rel.cz11a_bee	256410	316206	2502	2689	14863	2193	5644	1106	2660	733
ma101107_rel.cz11apur1_bee	265252	321027	2957	657	12737	1953	5596	1120	2371	1613
ma101107_rel.cz11b_bee	251177	303030	1490	2086	14856	2088	5908	1144	3099	661
ma101107_rel.cz11c_bee	237600	315333	622	1053	15327	1311	1106	188	807	187
ma110401_rel.cz11b_bee	247295	303145	1425	2162	14996	2082	7724	1202	3504	653
ma110401_rel.cz11bpur1_bee	257566	315582	1541	648	12371	1596	1744	400	4070	1431
ma110401_rel.cz11c_bee	235571	323887	652	1043	15272	1318	1480	310	1386	261
my5651_rel.cz11a_bee	292077	212936	3540	4665	17082	2005	8194	1094	4592	1020
my5744_rel.cz11a_bee	286533	423504	4798	5405	16593	2332	13106	1640	5018	1185
my5744_rel.cz11apur1_bee	287150	422386	6972	10390	13206	1956	11840	1753	8870	1911
my8036_rel.cz11a_bee	198462	312867	4594	4040	16817	2294	15331	1660	11338	1175
my8036_rel.cz11apur1_bee	197971	312134	6994	8163	12030	2066	12175	1915	9730	1860
my8036_rel.cz11b_bee	181653	52934	55	101	6626	28	6498	37	3038	44
my8036_rel.cz11c_bee	128970	43900	44	81	6249	21	5945	30	3176	39
my8036_rel.cz11d_bee	199054	310198	3610	3532	16917	2314	14778	1669	11877	1085
pg162_def.cx9a2_bee	275198	802407	7960	991	44688	1489	37615	1227	25817	956
