ma100244_rel.cz11a_bee	295530	454804	3454	3516	16940	2297	12031	1652	4235	1059
ma100244_rel.cz11apur1_bee	299401	453258	4216	4611	12928	1903	9537	1655	5450	1362
ma100339_rel.cz11a_bee	225289	441014	3492	3596	16475	2304	12070	1681	4598	1121
ma100339_rel.cz11apur1_bee	259151	440771	4208	778	13336	2032	11701	1692	5828	1347
ma100433_rel.cz11a_bee	222284	444939	3493	3587	15300	2278	10592	1638	4276	1110
ma100433_rel.cz11apur1_bee	258064	448934	4202	823	12455	1968	10417	1677	5438	1345
ma100524_rel.cz11a_bee	250313	318725	3068	3486	14462	2301	11095	1791	3663	807
my5651_rel.cz11a_bee	292077	212936	3540	4665	17082	2005	8194	1094	4592	1020
my5744_rel.cz11a_bee	286533	423504	4798	5405	16593	2332	13106	1640	5018	1185
my5744_rel.cz11apur1_bee	287150	422386	6972	10390	13206	1956	11840	1753	8870	1911
my8036_rel.cz11a_bee	198462	312867	4594	4040	16817	2294	15331	1660	11338	1175
my8036_rel.cz11apur1_bee	197971	312134	6994	8163	12030	2066	12175	1915	9730	1860
my8036_rel.cz11d_bee	199054	310198	3610	3532	16917	2314	14778	1669	11877	1085
pg162_def.cx9a2_bee	275198	802407	7960	991	44688	1489	37615	1227	25817	956
