ma100244_rel.cz11a_bee	399	399	1993	1993	3989	3989
ma100244_rel.cz11apur1_bee	399	399	1994	1994	3989	3989
ma100339_rel.cz11a_bee	399	399	1994	1993	3987	3989
ma100339_rel.cz11apur1_bee	399	399	1994	1994	3980	3989
ma100433_rel.cz11a_bee	399	399	1993	1994	3989	3989
ma100433_rel.cz11apur1_bee	398	399	1993	1994	3989	3989
ma100524_rel.cz11a_bee	399	399	1994	1994	3832	3900
ma100524_rel.cz11apur1_bee	399	399	1994	1994	3987	1637
ma100617_rel.cz11a_bee	399	399	1994	1994	2749	2862
ma100617_rel.cz11apur1_bee	382	399	1994	1994	3310	1086
ma101107_rel.cz11a_bee	399	399	1994	1994	2808	2940
ma101107_rel.cz11apur1_bee	396	399	1994	1994	3517	1141
ma101107_rel.cz11b_bee	399	399	1994	1994	2351	2494
ma101107_rel.cz11c_bee	399	399	800	731	722	767
ma110401_rel.cz11b_bee	399	399	1994	1994	2399	2503
ma110401_rel.cz11bpur1_bee	389	399	1737	1837	1372	851
ma110401_rel.cz11c_bee	398	399	1042	1081	1072	1012
my5651_rel.cz11a_bee	399	399	1993	1994	3989	3987
my5744_rel.cz11a_bee	399	399	1994	1993	3989	3989
my5744_rel.cz11apur1_bee	399	399	1993	1994	3989	3987
my8036_rel.cz11a_bee	399	399	1994	1994	3989	3989
my8036_rel.cz11apur1_bee	399	399	1994	1994	3989	3989
my8036_rel.cz11b_bee	127	134	210	390	550	469
my8036_rel.cz11c_bee	100	100	156	257	406	352
my8036_rel.cz11d_bee	399	399	1993	1994	3700	3987
pg162_def.cx9a2_bee	399	399	1994	1994	3989	3987
