my800_rel.cz10a_bee	81301	152273	20442	3870	3824	3841
my801_rel.cz10a_bee	79051	151128	20210	3738	3751	3747
my802_rel.cz10a_bee	66445	150000	19231	3608	3570	3622
my803_rel.cz10a_bee	66890	150000	19298	3702	3673	3659
my804_rel.cz10a_bee	67797	143571	19275	3617	3604	3610
my8011_rel.cz10a_bee	73529	141549	19802	3551	3540	3639
my8012_rel.cz10a_bee	71428	147794	19335	3390	3499	3538
my8013_rel.cz10a_bee	69686	140559	19164	3429	3468	3519
my8014_rel.cz10a_bee	68259	138621	18142	3325	3340	3390
my8020_rel.cz10a_bee	64725	133112	17718	3205	3214	3279
my8022_rel.cz10a_bee	62112	127215	18706	3171	3175	3185
my8028_rel.cz10a_bee	62500	155814	19440	3064	3020	3044
my8030_rel.cz10a_bee	59172	143571	17361	2832	2806	2873
my8034_rel.cz10a_bee	56022	142553	17153	2808	2784	2810
my8035_rel.cz10a_bee	56022	140559	17206	3261	3246	3267
