fbmy5635_rel_202104072149.cza1_bee	100	100	499	499	997	998
fbmy5635_rel_202203072101.cza1_bee	100	100	499	499	997	998
fbmy5635_rel_202205192101.cza1_bee	100	100	499	499	997	998
fbmy5635_rel_202208092101.cza1_bee	100	100	499	499	998	998
fbmy5635_rel_202210112144.cza1_bee	100	100	499	499	998	998
fbmy5635_rel_202302162102.cza1_bee	100	100	499	499	998	998
fbmy5635_rel_202304122154.cza1_bee	100	100	499	499	997	998
fbmy5635_rel_202305292102.cza1_bee	100	100	499	499	998	998
fbmy5635_rel_20230529_832.cza1_bee	100	100	499	499	998	997
fbmy5635_rel_20230529_843.cza1_bee	100	100	498	499	998	998
fbmy5635_rel_20230529_850.cza1_bee	100	100	499	499	998	998
fbmy5635_rel_221222.cza1_bee	100	100	499	499	997	997
fbmy5635_rel_clang14_221222.cza1_bee	100	100	498	499	998	998
fbmy5635_rel_clang15_221222.cza1_bee	100	100	499	499	997	998
