fbmy5635_rel_202104072149.cza1_gcp_c2s30	622568	842106	94984	42194	27237	32608	25070	29560	23526	28391
fbmy5635_rel_202203072101.cza1_gcp_c2s30	606061	855616	92673	42172	26511	31862	24818	29241	23804	27826
fbmy5635_rel_202205192101.cza1_gcp_c2s30	592592	860216	91298	41344	25534	31521	23358	28865	23637	27419
fbmy5635_rel_202208092101.cza1_gcp_c2s30	603774	860216	91142	41841	24686	32379	24559	29308	24378	28293
fbmy5635_rel_202210112144.cza1_gcp_c2s30	601504	855616	91507	42172	23415	32882	24034	29680	23362	28463
fbmy5635_rel_202302162102.cza1_gcp_c2s30	637450	820513	91980	43478	25374	33344	25387	31643	24895	29601
fbmy5635_rel_202304122154.cza1_gcp_c2s30	637450	812183	91428	42530	25681	32182	23938	30603	23290	28544
fbmy5635_rel_202305292102.cza1_gcp_c2s30	629921	824743	91533	42350	27044	32067	24882	30572	22808	28596
fbmy5635_rel_20230529_832.cza1_gcp_c2s30	629921	816327	91559	42172	27352	32047	23589	30471	22089	28616
fbmy5635_rel_20230529_843.cza1_gcp_c2s30	627451	812183	91664	42328	23604	31595	22303	29978	20664	28178
fbmy5635_rel_20230529_850.cza1_gcp_c2s30	629921	816327	91822	42172	23444	31868	23725	30316	22852	28587
fbmy5635_rel_221222.cza1_gcp_c2s30	629921	812183	91402	42508	25252	32006	23084	30582	23237	28627
fbmy8028_rel_221222.cza1_gcp_c2s30	547945	765551	90446	42395	25421	35856	26636	34150	24914	32088
fbmy8028_rel_221222.cza1ps0_gcp_c2s30	549828	765551	90961	43173	29135	37943	29140	36016	25650	33919
fbmy8032_rel_221222.cza1_gcp_c2s30	517799	784314	89485	41026	26630	34269	26751	32625	25440	30619
fbmy8032_rel_221222.cza1ps0_gcp_c2s30	535117	788178	89686	42150	28892	36542	28280	34926	26611	32651
