fbmy5635_rel_202104072149.cza1_gcp_c2s30	794	793	3967	3970	7947	7947
fbmy5635_rel_202203072101.cza1_gcp_c2s30	794	794	3970	3967	7940	7940
fbmy5635_rel_202205192101.cza1_gcp_c2s30	794	793	3967	3970	7947	7947
fbmy5635_rel_202208092101.cza1_gcp_c2s30	793	793	3970	3970	7947	7947
fbmy5635_rel_202210112144.cza1_gcp_c2s30	793	794	3970	3970	7947	7940
fbmy5635_rel_202302162102.cza1_gcp_c2s30	793	794	3970	3970	7947	7940
fbmy5635_rel_202304122154.cza1_gcp_c2s30	793	793	3970	3970	7947	7947
fbmy5635_rel_202305292102.cza1_gcp_c2s30	793	793	3970	3970	7947	7947
fbmy5635_rel_20230529_832.cza1_gcp_c2s30	793	794	3970	3970	7947	7940
fbmy5635_rel_20230529_843.cza1_gcp_c2s30	794	794	3970	3967	7940	7940
fbmy5635_rel_20230529_850.cza1_gcp_c2s30	794	793	3970	3970	7947	7947
fbmy5635_rel_221222.cza1_gcp_c2s30	794	794	3967	3970	7947	7947
fbmy8028_rel_221222.cza1_gcp_c2s30	794	794	3970	3970	7947	7947
fbmy8028_rel_221222.cza1ps0_gcp_c2s30	793	793	3970	3970	7947	7947
fbmy8032_rel_221222.cza1_gcp_c2s30	793	794	3970	3970	7947	7947
fbmy8032_rel_221222.cza1ps0_gcp_c2s30	793	793	3970	3970	7947	7947
