pg152_o2_nofp.cx8_1g_bee	238095	773077	53333	41226	38511	36659
pg152_o2_nofp.cx8a1_1g_bee	232558	804000	53348	41096	38393	36793
pg152_o2_nofp.cx8a2_1g_bee	238095	804000	46458	41418	38689	36950
pg152_o2_nofp.cx8a3_1g_bee	235294	773077	53255	40997	38476	36719
pg152_o2_nofp.cx8a4_1g_bee	238095	804000	53576	41596	38777	37214
pg152_o2_nofp.cx8a9_1g_bee	238095	804000	53050	40998	37920	36231
pg152_o2_nofp.cx8a10_1g_bee	238095	804000	53213	41040	38478	36560
pg152_o2_nofp.cx8a12_1g_bee	238095	804000	53569	41898	38830	36878
pg152_o2_nofp.cx8a14_1g_bee	235294	804000	47192	40604	38144	36506
pg152_o2_nofp.cx8a15_1g_bee	235294	804000	53086	41874	39039	37126
pg152_o2_nofp.cx8a16_1g_bee	240964	804000	54281	41526	39801	37947
pg152_o2_nofp.cx8a17_1g_bee	238095	773077	53213	40496	37264	34392
pg152_o2_nofp.cx8a18_1g_bee	235294	837500	54533	41699	39658	37786
pg152_o2_nofp.cx8a20_1g_bee	238095	804000	54259	41788	39910	38058
pg152_o2_nofp.cx8a21_1g_bee	235294	804000	54348	41962	40005	37961
pg152_o2_nofp.cx8a22_1g_bee	240964	804000	54010	40843	38957	37556
