ma100339_rel_withdbg.cz11a_c32r128	533333	2500001	77463	73394	198425	150175	193551	148756	186678	141080
ma100434_rel_withdbg.cz11a_c32r128	533333	2439026	78354	73327	182206	142028	178066	140893	171880	132728
ma100526_rel_withdbg.cz11a_c32r128	335570	2222223	52049	48485	177655	130303	169638	133009	160985	126737
ma100619_rel_withdbg.cz11a_c32r128	331126	2409640	57214	54720	187300	133960	179326	137778	171081	132867
ma101109_rel_withdbg.cz11a_c32r128	289436	2272728	51298	45977	189664	139258	180596	138082	170338	128883
ma110403_rel_withdbg.cz11b_c32r128	295421	2298852	52339	46163	188368	140198	179877	139698	170672	130006
ma110502_rel_withdbg.cz11b_c32r128	294551	2247192	52305	46458	180520	125415	172198	126417	162907	118155
ma110601_rel_withdbg.cz11b_c32r128	288600	2352942	51406	45610	182629	127610	173475	127577	163834	118540
my5651_rel_o2nofp.cz11a_c32r128	473934	384616	49406	32800	263331	172679	238236	154139	209674	147256
my5744_rel_o2nofp.cz11a_c32r128	651466	1980199	80060	62794	220528	147500	214585	143714	204035	138892
my8039_rel_o2nofp.cz11a_c32r128	1242236	1785715	200753	102041	187460	120800	184773	118655	180303	115161
