ma100339_rel_withdbg.cz11a_c32r128	1977	1977	9885	9879	19780	19769
ma100434_rel_withdbg.cz11a_c32r128	1977	1977	9885	9879	19769	19769
ma100526_rel_withdbg.cz11a_c32r128	1977	1977	9879	9885	19769	19769
ma100619_rel_withdbg.cz11a_c32r128	1977	1977	9879	9879	19769	19769
ma101109_rel_withdbg.cz11a_c32r128	1977	1977	9879	9879	19769	19769
ma110403_rel_withdbg.cz11b_c32r128	1976	1977	9879	9879	19780	19769
ma110502_rel_withdbg.cz11b_c32r128	1976	1977	9879	9879	19769	19769
ma110601_rel_withdbg.cz11b_c32r128	1976	1976	9879	9879	19769	19769
my5651_rel_o2nofp.cz11a_c32r128	1977	1977	9885	9879	19769	19769
my5744_rel_o2nofp.cz11a_c32r128	1978	1977	9879	9879	19769	19769
my8039_rel_o2nofp.cz11a_c32r128	1977	1977	9885	9885	19769	19769
