fbmy5635_20220307_6282_fdo0_lto1.cy9c5_u	583430	1355331	62121	73536	69478	63060
fbmy5635_20220519_722_fdo0_lto1.cy9c5_u	577840	1354719	61196	73152	69118	62394
fbmy5635_20220809_731_fdo0_lto1.cy9c5_u	576258	1365354	61004	73867	69479	62652
fbmy5635_20221011_731_fdo0_lto1.cy9c5_u	581762	1380432	61400	73401	69568	62422
fbmy5635_20230216_7100_fdo0_lto1.cy9c5_u	632945	1380591	61830	74894	70390	64046
fbmy5635_20230412_7102_fdo0_lto1.cy9c5_u	636031	1355944	61491	75209	70278	63126
fbmy5635_20230529_821_fdo0_lto1.cy9c5_u	632945	1372695	61875	75308	71313	63889
fbmy5635_20230628_821_fdo0_lto1.cy9c5_u	630418	1377738	61624	75338	70636	63688
fbmy5635_20230628_833_fdo0_lto1.cy9c5_u	645578	1377264	62877	75350	70753	64136
fbmy5635_20230628_844_fdo0_lto1.cy9c5_u	639012	1374424	63002	74601	70234	62682
fbmy5635_20230628_853_fdo0_lto1.cy9c5_u	639761	1375843	63184	74794	70716	63287
fbmy5635_20230628_863_fdo0_lto1.cy9c5_u	643294	1387295	62663	74592	70071	62863
