fbmy5635_20220307_6282_fdo0_lto1.cy9c5_u	2381	11907	23815
fbmy5635_20220519_722_fdo0_lto1.cy9c5_u	2381	11907	23828
fbmy5635_20220809_731_fdo0_lto1.cy9c5_u	2381	11907	23828
fbmy5635_20221011_731_fdo0_lto1.cy9c5_u	2381	11907	23828
fbmy5635_20230216_7100_fdo0_lto1.cy9c5_u	2375	11875	23756
fbmy5635_20230412_7102_fdo0_lto1.cy9c5_u	2375	11871	23743
fbmy5635_20230529_821_fdo0_lto1.cy9c5_u	2378	11884	23762
fbmy5635_20230628_821_fdo0_lto1.cy9c5_u	2376	11878	23749
fbmy5635_20230628_833_fdo0_lto1.cy9c5_u	2378	11888	23769
fbmy5635_20230628_844_fdo0_lto1.cy9c5_u	2378	11888	23769
fbmy5635_20230628_853_fdo0_lto1.cy9c5_u	2379	11891	23782
fbmy5635_20230628_863_fdo0_lto1.cy9c5_u	2376	11875	23743
