pg170_o2nofp.cx10a_c8r32	571428	1481485	126233	24206	104343	50804	99429	50415	98343	49959
pg171_o2nofp.cx10a_c8r32	571428	1481485	128000	24691	103973	51155	100072	50904	98116	50354
pg172_o2nofp.cx10a_c8r32	571428	1481485	129555	24427	104771	51539	99977	51063	98764	50638
pg173_o2nofp.cx10a_c8r32	571428	1481485	131148	24691	102742	50833	98246	50559	97108	50001
pg174_o2nofp.cx10a_c8r32	571428	1538465	130081	23324	103948	51156	99604	50458	98296	50417
pg175_o2nofp.cx10a_c8r32	579710	1538465	131959	25118	104721	51303	100231	51153	98645	50572
pg176_o2nofp.cx10a_c8r32	571428	1538465	129817	25276	102705	51094	98799	50820	97033	50227
pg177_o2nofp.cx10a_c8r32	571428	1481485	127744	24502	103362	50814	99184	51179	98303	50037
pg178_o2nofp.cx10a_c8r32	579710	1481485	130879	23324	102613	50002	98536	49942	96681	49367
pg179_o2nofp.cx10a_c8r32	571428	1538465	129817	24730	105325	51365	100836	50993	99068	49554
