ma100230_rel_withdbg.cz12a_c8r32	175438	232559	34965	22676	10387	9194	10332	9202	10206	9095
ma100244_rel_withdbg.cz12a_c8r32	174419	218979	34364	19268	8843	7921	8711	7810	8568	7702
ma100339_rel_withdbg.cz12a_c8r32	154639	215828	35714	18657	8366	7582	8311	7493	8206	7394
ma100434_rel_withdbg.cz12a_c8r32	152284	218979	35587	18182	8069	7278	8063	7250	7936	7128
ma100529_rel_withdbg.cz12a_c8r32	155440	191083	41068	19920	8058	7468	7989	7443	7983	7448
ma100624_rel_withdbg.cz12a_c8r32	164835	192308	40816	28169	9760	8681	9657	8629	9666	8585
ma101115_rel_withdbg.cz12a_c8r32	164835	187501	40650	27933	9710	8579	9653	8579	9709	8507
ma110409_rel_withdbg.cz12b_c8r32	157895	188680	39487	27248	9480	8561	9388	8509	9440	8490
ma110805_rel_withdbg.cz12b_c8r32	165746	191083	41973	28090	9271	8595	9247	8544	9252	8568
ma120102_rel_withdbg.cz12b_c8r32	166667	189874	41973	28490	9422	8567	9350	8557	9350	8514
ma120201_rel_withdbg.cz12b_c8r32	163043	189874	41667	28011	9120	8485	9076	8327	9096	8398
