fbmy5635_rel_202104072149.cy10a_bee	81301	82377	27012	2719	2694	2686
fbmy5635_rel_202203072101.cy10a_bee	79681	83402	26490	2697	2649	2626
fbmy5635_rel_202205192101.cy10a_bee	78431	82377	26014	2643	2604	2606
fbmy5635_rel_202208092101.cy10a_bee	78125	82377	26110	2631	2629	2621
fbmy5635_rel_202210112144.cy10a_bee	77220	82377	26035	2628	2608	2605
fbmy5635_rel_202302162102.cy10a_bee	78125	81376	26774	2638	2621	2623
fbmy5635_rel_202304122154.cy10a_bee	77220	82041	26716	2670	2624	2594
fbmy5635_rel_202305292102.cy10a_bee	75758	83058	26511	2674	2615	2612
fbmy5635_rel_20230529_832.cy10a_bee	75758	81707	26469	2718	2601	2599
fbmy5635_rel_20230529_843.cy10a_bee	77220	82041	26151	2609	2597	2589
fbmy5635_rel_20230529_850.cy10a_bee	76628	81376	26427	2606	2584	2575
