fbmy5635_202203072101.cy9c_u	551091	1428869	70734	106833	100813	87179
fbmy5635_202205192101.cy9c_u	526316	1403801	67302	104482	95911	83120
fbmy5635_202208092101.cy9c_u	528634	1403801	66464	103340	95167	83973
fbmy5635_202210112144.cy9c_u	528053	1399708	66489	103425	95203	82775
fbmy5635_202302162102.cy9c_u	541150	1407918	58887	101221	92228	81267
fbmy5635_202304122154.cy9c_u	529801	1403801	57290	101199	93164	81708
fbmy5635_202305292102.cy9c_u	529801	1403801	57293	101644	92902	81594
fbmy5635_20230529_832.cy9c_u	541150	1403801	57512	99011	90599	80171
fbmy5635_20230529_843.cy9c_u	518919	1383573	57441	97081	87620	77262
fbmy5635_20230529_850.cy9c_u	515575	1387572	58694	97178	87805	77822
