my8033_rel_lto.cy10a_bee	56046	111683	2322	977	1050	963
my8033_rel_lto.cy10a2_bee	56770	131856	2321	970	1041	963
my8033_rel_lto.cy10a5_bee	55348	111466	1555	1174	1063	974
my8033_rel_lto.cy10a7_bee	55375	110832	2327	983	1044	962
my8033_rel_lto.cy10a10_bee	56437	111202	2363	977	1051	965
my8033_rel_lto.cy10a12_bee	54866	110222	2329	980	1047	960
my8033_rel_lto.cy10a13_bee	55753	111326	1900	1114	1055	966
my8033_rel_lto.cy10a14_bee	55979	111264	1909	1081	1056	967
my8033_rel_lto.cy10a15_bee	56109	111606	2324	977	1042	957
my8033_rel_lto.cy10a16_bee	55579	110863	2323	994	1047	964
my8033_rel_lto.cy10a17_bee	55710	111590	2473	1039	1074	1014
my8033_rel_lto.cy10a18_bee	56263	111497	2188	944	1025	930
my8033_rel_lto.cy10a19_bee	55233	110450	2255	946	1034	941
my8033_rel_lto.cy10a20_bee	55811	110971	2368	978	1046	968
my8033_rel_lto.cy10a21_bee	56517	111574	2354	997	1059	973
my8033_rel_lto.cy10a22_bee	55598	134200	2346	976	1052	967
