pg153_o3_native_lto.cx7a_gcp_c2s30	1088732	1549826	7923	107359	91038	79360
pg153_o3_native_lto.cx7a1_gcp_c2s30	1083717	1680714	6277	105093	92606	86199
pg153_o3_native_lto.cx7a3_gcp_c2s30	1088732	1503232	7078	107267	90185	79753
pg153_o3_native_lto.cx7a4_gcp_c2s30	1082837	1484818	9102	108905	96611	81530
pg153_o3_native_lto.cx7a7_gcp_c2s30	1091703	1525010	7707	107356	87354	85311
pg153_o3_native_lto.cx7a10_gcp_c2s30	1079040	1514042	7117	106019	89978	79587
pg153_o3_native_lto.cx7a12_gcp_c2s30	1101322	1512325	9206	106124	91038	84936
pg153_o3_native_lto.cx7a15_gcp_c2s30	1107420	1361504	9692	111163	100752	96531
pg153_o3_native_lto.cx7a16_gcp_c2s30	1079040	1500413	14189	102826	91354	72827
pg153_o3_native_lto.cx7a23_gcp_c2s30	1084599	1512325	11981	104812	95138	85161
pg153_o3_native_lto.cx7a24_gcp_c2s30	1067806	1510612	9049	107486	97981	89136
pg153_o3_native_lto.cx7a25_gcp_c2s30	1072961	1745244	8967	108316	94608	69707
pg153_o3_native_lto.cx7a26_gcp_c2s30	1086071	1501539	11559	104575	95321	92061
pg153_o3_native_lto.cx7a27_gcp_c2s30	1110802	1624736	11426	104467	94699	74007
pg153_o3_native_lto.cx7a28_gcp_c2s30	1114206	1498726	10488	102673	93484	72343
